100 100
246284 240634 202729 253575 242239 235364 244631 222178 266871 236246 235209 240028 233008 197227 212780 227735 226225 223984 241617 237794 235407 227285 214716 235621 223241 242483 233447 242905 235831 217095 234171 195637 205603 240511 235169 232743 213790 238582 214529 226762 253142 240783 221094 222058 249057 215351 195714 258504 212166 209977 193068 215009 212606 212927 221058 247639 243882 209438 231464 228458 236830 253927 238431 232509 213969 223309 214413 214247 220326 238469 227566 223669 233789 227057 208748 217029 219314 235865 240273 191673 214419 227424 247067 214114 226314 226546 240155 248899 214324 231834 231325 251181 222483 228742 215999 254961 210521 222796 221431 251714 
247882 272005 219471 254945 254623 252783 281621 262885 295019 270228 257611 255084 255308 238773 241421 272787 262691 262190 276048 261422 258810 252440 243006 256860 223594 270600 282901 272306 269587 258546 257749 235552 231836 260560 269125 248135 235557 252386 234515 261773 275685 250146 266494 242498 274738 258521 227752 271328 243547 234571 242640 228121 233812 225700 241906 271115 274729 240806 224355 248660 295304 282667 257550 262936 238245 263670 242569 226376 279426 253699 253436 271889 283271 247640 262950 231458 243613 269321 281674 214540 231068 260420 267611 249216 231684 278286 269712 267932 257956 266948 249050 262024 234243 273201 242379 294713 251534 249727 236106 287938 
254657 243620 211434 254302 242075 235128 258380 233497 267353 252580 248716 264538 242745 218945 229595 248430 252223 234778 255613 242005 255573 227527 232507 275785 241000 262158 257297 260748 253454 226776 237230 213286 231422 232423 252844 253498 248745 247425 225284 250930 263809 241704 245611 239096 264622 223144 224599 248465 223233 215007 223263 235070 231656 227511 235442 244723 246945 223444 238135 248070 267162 241133 231083 233692 248573 242604 238076 228322 258573 229203 244726 260715 265002 248585 235271 221922 209386 236141 251576 211195 233277 243824 261310 238792 217161 258675 257278 236073 238032 258090 244206 257959 227533 264895 222154 261807 213184 234277 213823 274103 
254593 255622 209167 255408 244803 227635 274304 243098 278945 266493 257458 237694 245221 220302 226594 233744 245959 232227 252568 245597 237152 240413 246634 257100 239374 268912 271551 274926 243015 241554 244077 224451 208680 255758 247915 257046 237125 256171 215599 244291 258002 258994 265611 254805 263259 242002 223116 257388 241070 213893 233741 236474 245147 238906 250912 266595 264050 237494 243912 241608 255717 266131 260177 257739 231949 228691 238240 222282 240521 236019 249240 257544 252740 235830 223582 240413 239690 255034 270604 206916 232664 254404 268253 249527 221197 254121 259359 263304 255882 245158 266827 262735 243340 257473 219744 285961 200339 227080 232119 266891 
268217 272239 218903 264900 268509 243295 283222 270819 308732 263978 260064 265884 243561 225538 250072 244776 261019 238153 264560 265701 251620 254637 248486 266063 249658 272336 273210 275159 249674 228364 249742 219994 224339 262433 269669 235653 254601 272301 228021 254992 262878 253006 248656 252177 283621 244809 224867 271287 248814 239277 205497 238889 238621 245002 232250 262774 280997 251000 259350 255581 263362 277736 253349 262020 236878 233071 235146 218904 255479 243928 264266 246331 254512 247277 236755 248262 221515 242652 267730 213653 234549 247346 252054 237732 230218 255957 249213 248684 248266 260266 248333 274481 239200 275884 235567 272008 233024 262896 221826 267186 
281908 292811 236015 284807 277350 277468 304749 276717 337122 291973 268313 280067 264378 252159 249986 269768 279803 253916 285263 269290 268670 283216 270708 286372 250840 287043 311558 288957 288709 255564 267826 250784 236180 284558 268578 275434 262876 279696 241920 277765 293922 272269 283936 256656 295181 271756 258834 289676 273073 242097 239240 262085 260434 245488 266184 282055 279169 245573 263280 274246 288777 287139 277286 293714 259418 256002 255651 252522 281492 266661 271086 276272 268271 282267 265398 251845 257555 266988 306445 228759 275022 295061 296959 261117 252305 282903 298098 282028 262038 271404 267386 302090 267038 296711 245683 315045 265658 246425 257242 311456 
285267 285553 235714 292739 270674 251190 280836 276648 327584 277830 267364 290866 257606 245981 256301 266494 282924 267524 296775 274275 269341 261193 253201 278758 252655 289315 292318 287189 280899 254384 276238 253371 253693 282551 278311 272813 263977 263762 258796 269330 289633 284395 273269 278236 293452 261215 255816 293521 262583 247052 245312 247198 257991 250969 256311 268227 278510 252979 248291 272994 290148 288367 282828 286917 264866 262959 252124 247447 284479 246559 252918 278003 271580 261002 260980 265315 245796 260334 276874 216558 253063 274932 282321 267537 263654 276466 280529 280914 262194 267128 254155 286417 260393 282728 235071 310382 243540 266019 244233 288954 
284101 290856 230790 271623 259596 245714 292258 264676 298159 265812 268392 265418 253218 232436 244784 269043 279998 265160 264518 268022 259837 263087 236906 276983 234597 303110 276948 273919 273394 264713 257661 229485 255022 266338 263142 261770 253797 262864 243786 257631 300040 255703 267447 258493 286728 246783 241652 263192 242873 248597 232854 264914 258473 234451 243688 278005 282021 241954 255054 260764 290756 272288 272989 262626 248061 222161 272622 230190 257310 243641 262325 282129 264023 258122 242581 230407 248001 256708 289735 221165 231216 264475 281044 247951 244443 260781 277333 254429 279483 267739 252847 278916 250627 259928 228878 309201 239434 244277 235170 287073 
250663 243461 221434 258597 260634 248973 271684 267031 286516 263581 254954 253611 236362 224894 227443 241197 246216 238161 270490 245143 250661 254321 227821 247184 236898 264880 262486 263279 263589 229500 250495 231874 209808 264672 243347 226977 231148 259991 228474 247077 261863 249178 260539 259416 264792 230602 228051 273598 219591 234555 216796 236635 241314 223572 238417 248707 253566 222269 245940 253162 267124 277958 237393 248095 236706 224731 230709 214891 242480 240820 253590 244722 237171 231768 227210 232002 213030 248332 251664 227280 228682 243988 256693 234362 231060 263909 253756 252658 244793 248773 252759 256043 231488 266491 226758 274870 226577 226316 231600 275924 
265950 258174 207510 264775 243913 236745 279027 249307 283924 259875 254527 251474 229388 224633 229204 240493 252790 240481 251894 251116 248058 244276 228468 256297 248393 258200 257756 262846 244837 236413 252440 221786 214215 262332 245722 253457 248072 258511 207077 250316 258456 254912 260423 238390 270162 229134 226817 251647 243793 221433 227675 241674 237307 230778 229205 250651 263338 232649 243199 254171 254325 264931 250508 256257 229188 225342 231564 209440 231605 233838 248616 256816 252380 249171 226745 227552 221260 234839 266353 230846 227578 246780 265250 226411 232169 259412 252496 253227 255623 236063 238669 259424 244549 259021 230613 267885 221441 226362 228187 267036 
318368 308920 255256 303534 321511 292773 328819 308951 336320 290235 308196 311407 279797 269879 261707 293813 308579 283986 333109 307440 307437 278042 282094 305736 290404 334353 340420 315898 309608 293721 309058 270698 271938 291974 297946 281629 301023 295639 270790 282168 332531 282708 281969 299589 329727 280668 265225 301510 283215 266873 263759 268953 277512 270977 268735 303972 294048 278776 271535 300067 334728 322231 291818 293702 286972 291938 272948 264008 290836 281287 310874 299763 295147 297424 269659 270298 263389 312392 328520 261457 281075 303709 321033 292923 255203 314904 319230 299966 282868 292382 295100 316620 253945 316620 289210 326258 281677 290493 260212 328178 
248038 252757 201194 245467 254179 229226 278828 255966 261965 266249 234392 239687 239536 226761 224862 244447 255260 239385 238470 233071 245305 243895 236247 251369 238448 256696 268820 263523 276035 224990 238517 225943 211083 239084 246483 228190 235896 227530 205529 239710 264266 235459 236226 228238 259129 233698 218396 269519 243975 230566 217606 220518 221599 213141 209221 247302 258685 213176 227370 240873 271241 269413 239266 241500 244254 228440 228943 212618 239379 215736 246656 253562 241423 232670 234064 227298 215301 241298 266010 199712 216435 255896 254126 225853 221321 247320 250332 249208 224981 240696 236301 259880 218986 247630 220431 276866 228394 218876 210419 261073 
247555 265131 191122 235186 232347 234112 255595 244409 274235 232375 235287 233565 222860 205394 212773 222802 228870 232131 254468 236613 241114 223200 219535 231505 224643 238866 247165 238529 229800 222031 243825 223749 209632 237447 246135 225740 220919 236180 217196 233798 248823 241913 238166 237256 252864 219073 208590 241104 228939 211782 202856 215593 215284 207777 217153 242378 244824 228947 202911 227936 248112 238325 233295 252084 218800 223951 202900 187208 235906 228395 233342 234883 255729 226868 204144 227594 212974 232889 250247 202960 215253 232165 256083 216342 211889 231855 257876 240623 233368 219388 226646 249337 219104 241055 215711 260425 212054 225206 210127 255075 
286682 304889 254682 293214 288545 270272 319194 264298 316720 288606 285982 293387 289349 268174 268694 291973 284321 286101 297840 284840 260522 265066 255174 293282 266888 291104 307391 299737 286321 267431 279569 261131 255854 299310 290739 280641 280242 287919 248360 286478 290881 285376 287879 281434 319654 254838 249983 290963 263795 269959 240691 272577 260190 251013 268416 275141 309363 267265 281631 279239 294891 297348 285808 278312 266116 266641 277539 250108 275883 255928 281694 289208 287792 286975 259990 265268 277284 282485 288709 236567 261465 291264 279953 274426 260540 295418 283591 276666 265530 288769 287099 303146 264029 290975 249175 313794 251587 280403 248638 317650 
264823 255097 197955 265204 262765 222235 277197 253100 271037 246852 248406 250613 227290 221338 211444 233655 240713 231222 246649 223574 243758 231437 221387 245785 234371 248844 274250 238637 255365 220890 251972 233075 217264 243718 226673 232105 229758 246530 205232 241472 252347 237553 257748 253095 271034 229011 232391 254557 230827 225552 216843 227124 241855 217187 219238 264881 260873 219700 236283 244453 278192 252758 224828 242777 236933 233654 228629 219972 240614 210836 235923 251122 239065 232882 221425 224750 211937 237729 263968 196912 230342 258615 249035 234466 208855 243480 252814 247614 244636 241940 244946 250399 225999 250948 213791 284946 213916 223998 229331 264378 
242846 228674 197253 237132 222685 200169 239380 228478 249600 225871 221629 229778 228507 205239 198751 201256 230273 227469 226091 219552 229266 226907 200099 233906 212442 237491 250046 255034 210829 208912 228998 221487 209656 244156 225884 215997 221008 208857 206284 220668 237752 231324 225084 227100 256883 209908 188621 229128 204047 210357 195129 220202 210771 197255 207504 222257 241118 216804 213278 216432 244700 244247 230551 227740 211534 207199 220465 202882 243883 202587 221152 233936 211669 215626 212695 204265 196468 212662 235259 184590 213988 226997 212312 214881 201011 227724 229059 213098 243011 239733 217509 236664 214450 226636 197434 264426 186305 221599 184955 219637 
242648 237128 201323 247318 245405 227789 258140 251560 262591 251653 235999 240533 234586 224110 222083 248005 248007 220120 249102 237307 234147 229824 226851 234248 240054 255785 261512 251320 252213 206527 241891 204550 194824 239857 227203 228229 226599 243922 208242 233343 241027 244031 235527 236713 260649 219713 217776 246354 233792 210046 216742 219128 230511 216106 227373 239623 233349 216361 222895 226314 248385 264432 234753 245227 227915 222897 229748 216629 231871 220757 241146 231704 222211 215725 216010 220697 208048 232614 243179 205219 225551 227788 244285 237774 215129 247117 253020 243603 236936 237194 223838 262853 213835 263402 213828 258673 210335 216808 194970 251828 
231142 232116 179471 234778 226532 209226 258638 220018 253181 225203 223327 226520 217671 205901 201711 211439 221431 211670 237559 216542 224898 214171 212672 237430 218453 223100 243414 238722 225936 211197 221367 194029 201601 228936 218070 213857 222757 206943 198737 224950 235129 224360 224954 219032 237714 221119 192144 221240 209139 198759 191532 212370 214965 209612 201110 221321 238881 221479 203819 215811 239479 209787 214147 226815 209252 206692 204285 200903 236743 200225 217798 231096 224274 225118 194722 215850 214352 218149 239134 178239 210318 230934 235439 208265 189078 220699 247157 219832 209190 226059 213437 233917 213251 237222 200461 247420 210013 212044 200674 248045 
265273 276384 231123 267676 252461 253756 287581 266684 296530 260075 254445 259196 255445 249964 231805 252420 265326 258804 290463 256951 272044 261204 258828 258519 246485 276642 284534 272622 269482 242160 268175 240277 214202 268782 260044 259471 248275 269560 242403 251183 287967 267660 274323 265231 292776 244796 241247 258910 243106 245237 217887 247216 234914 226878 240771 268551 271994 255443 234466 256996 268026 270843 268560 275019 247207 251040 244240 225265 266269 251734 268906 255775 265130 268571 231348 241179 247339 263216 278930 219182 242541 258431 275578 252470 234102 278115 289133 269269 248744 257195 268784 277629 241208 282513 236950 293630 236370 244375 228382 296197 
257817 249722 205764 239055 228334 221532 252690 231782 250786 238523 241485 231458 225776 198071 201452 229198 224974 217499 247823 239346 230270 229602 218826 231801 220882 252919 242955 249574 226927 221747 225646 206382 212167 249802 226354 234246 235228 243043 218471 225166 247919 238483 243542 237286 252654 215710 202821 228819 223433 203328 209703 220087 220608 215871 222414 228098 232029 208558 234461 236892 248089 247106 226451 235702 207442 218048 213345 209350 225609 218401 214046 238310 223171 233355 214545 216886 218615 224742 242539 199966 208901 238156 234591 222595 211853 245019 223296 238767 219334 231148 242925 243890 214552 254964 190540 261233 204496 217009 222254 236038 
277514 264079 214617 254234 259984 257649 291139 275558 294587 274977 256995 261049 245795 229166 224825 246363 243913 233013 286686 261793 257389 251096 253117 264399 252156 283938 288158 277580 264280 251243 246959 233609 227808 237565 251834 257096 249402 271514 238892 275636 272579 264675 253258 252101 282475 243499 227291 262139 250950 241151 234286 244310 251262 226127 249610 268884 264173 239587 251556 250203 275262 272096 252560 248533 261128 249214 252401 237317 260204 245600 268582 261845 251216 235604 239483 243416 219757 250515 278237 230753 237252 254828 276748 237661 233886 256643 269899 257283 263187 247004 261617 268291 240459 291844 228132 286100 224831 233575 212844 270494 
268030 280105 223577 266150 272215 244875 290996 246274 288813 256234 257664 258534 245733 247987 229589 255243 263145 240939 277660 264311 253800 250760 237043 269984 245222 273067 292100 257462 268074 243294 277070 229585 228647 260692 240614 250285 243030 247175 216779 257420 280745 252955 265877 261203 285275 238763 230385 260090 238638 247159 223031 247312 243423 229897 247888 252481 273928 243240 242818 257835 276897 274480 257605 257100 242315 252911 255351 231457 260130 233586 268114 260306 269221 251505 240346 241218 237195 259833 268826 220523 252469 259859 258549 260859 231172 257088 289079 263552 238978 253666 271949 274339 230726 277740 236560 279394 234623 247094 229222 293215 
291764 277257 239659 276532 289220 264044 312923 301004 313644 286680 276985 281866 258383 258281 247358 269335 280473 253500 293013 260493 296266 263967 253805 281247 261620 289528 315075 278278 282856 261105 275662 252358 234210 277572 258380 268699 259487 268893 245215 273685 302657 261299 288792 266835 302840 279644 246746 282634 256705 260975 240813 260278 263226 248669 247960 285135 293602 267763 257658 272748 302414 292415 271507 273967 263425 267646 254135 248903 293256 244491 282025 274705 269421 275327 266234 254501 253836 273348 300382 237457 274340 289981 284998 255417 249445 272107 301150 282942 268881 277127 269993 292687 268273 291827 251914 302973 253453 252825 254101 301601 
249151 244389 187264 238191 220827 216218 249707 238971 262506 243971 228293 235478 226097 202735 217544 223222 220092 202949 239560 223330 229935 228422 210776 239348 218627 242040 245708 245912 227806 215539 226075 204154 195710 219216 225019 222475 222239 235788 197866 226885 263326 221683 229722 222855 246751 233176 211038 221688 216900 207112 204352 207811 214095 217725 213826 230479 250210 205664 223889 228950 247535 237432 217829 231565 214317 205596 214890 203835 225060 208738 245218 236541 223139 223147 218301 212300 216938 232294 245457 180467 207027 236824 233839 212737 198141 225305 236091 226241 222054 235407 215245 245430 225392 225837 207442 248680 215130 225478 193522 236415 
283167 282359 233209 287682 266607 247331 278021 284672 303120 258449 272047 262910 264688 250446 242593 263955 266470 271749 291381 252591 277301 254274 262237 265245 252441 276597 296061 296743 254211 252863 275382 247460 228482 286756 275073 250391 271988 262740 237635 257917 283921 258653 283173 263119 289766 268689 265407 276280 255901 234081 238008 225483 250669 249318 248878 252709 277113 250968 245377 278394 292932 276573 270333 270428 252331 245527 262969 235880 270004 254307 264126 266445 261853 275081 250316 246163 251705 259509 281562 221400 273736 276727 260625 244022 235354 280154 281763 277488 267512 269321 261587 271774 249823 282151 233406 295649 237542 254017 254494 280153 
254051 264348 210522 248136 245700 222535 269488 262933 277330 255194 250825 232653 251017 209401 238322 238721 245873 242775 252681 234437 228772 248714 235281 265033 235593 250610 270028 257891 243618 240886 241588 221750 205268 256172 235820 225408 245011 249855 217136 228961 243822 252460 263457 247921 257664 241429 228837 251323 233515 214959 213846 214418 232877 223031 219331 237712 258646 209313 237664 242538 253301 259370 239963 247363 233209 216779 234270 226168 232787 221579 245114 272909 244451 232756 231797 232630 232806 217291 239514 205422 242216 257464 236221 226013 226091 246864 236603 247589 229268 235683 246565 263073 230023 259014 208984 268020 207362 220777 210869 268453 
258908 227766 194613 244675 234145 216382 252811 239239 272143 247391 235735 232590 218037 200078 200598 221896 237388 216036 240523 228772 232305 234935 224901 240031 217141 246899 249599 241111 218235 225265 242550 223145 193769 244533 226391 228555 229252 231351 194320 228758 240866 223635 239460 240293 247450 211966 212209 231694 216483 191024 215200 213782 199445 196043 212173 231693 226175 194921 212181 234212 241066 253964 226092 243323 209814 216602 219713 196045 210594 230794 227944 226736 222247 210719 216009 219649 210890 227661 238910 206146 208858 224000 243072 228068 204038 219310 237109 238079 237487 219698 233338 249022 218559 231389 212982 251492 202635 207772 209820 255716 
278676 268748 208245 270982 266082 244718 267095 274078 303321 264694 254284 243945 249518 223999 245250 230509 261020 250679 256711 250444 265417 259719 242120 253825 257205 258446 280523 284310 243808 236144 243742 226480 220128 264711 266478 246191 253907 269993 227917 250603 279426 254226 255975 253982 265501 258844 239590 258245 243294 225521 237126 229448 238658 239372 237497 256984 263219 234435 242660 259044 267470 278403 252663 271107 251161 223208 237407 226063 255672 246343 251537 252885 251439 262858 229923 232974 243729 234791 280916 233603 225680 255135 271071 238947 218261 275827 268788 259774 247719 244043 237180 268225 244421 264801 233963 268906 231328 236493 231562 268255 
273803 267640 234096 260350 262969 253492 290176 268810 290519 272823 252684 256325 248218 218923 229669 249202 261700 248946 269518 259782 257377 268178 234086 264028 241607 272780 287233 273348 261847 250434 234411 226098 222756 265278 263011 251042 258928 278659 240479 250956 282636 248507 265535 242740 277698 268359 237063 257762 245377 220524 222213 235153 251630 223687 234279 260100 260432 232284 250246 251270 284067 282236 261938 241235 229610 240389 248132 226564 265914 242339 241252 261069 257894 251850 248727 235193 237052 248363 271296 231076 239910 272035 273554 225850 229280 286472 272787 257446 240720 276074 256473 264481 229543 262352 238025 296398 233799 229848 229722 274344 
272632 252330 203282 272765 241983 232128 283221 263473 290540 252158 257820 255298 239010 233582 234971 244755 254865 230580 270454 247193 262868 253268 241487 265115 246390 263299 270884 272249 248588 238377 253660 231679 214389 243818 255790 242697 251443 276173 227666 252743 257609 252357 257248 252567 276766 249531 234687 246913 248648 223023 243816 241510 253596 243529 240136 250901 268031 239307 234927 254368 266369 262682 247594 247736 239321 232857 260757 226560 252151 241025 263398 259969 245427 241051 231241 228930 228859 238409 264348 207519 233084 256413 254061 238054 225443 257569 257576 242709 261516 247480 236163 258183 249131 270005 220477 267981 227203 240287 215536 273772 
283367 280912 240400 284330 280836 258758 306529 288949 330317 293992 274559 265543 272951 244345 243034 262960 287991 265121 278413 243479 292373 261601 265560 296218 259210 309013 314332 294945 286763 258852 279649 252834 238168 285397 272744 276049 258498 268676 250981 277993 301214 272215 282993 273804 302908 272667 235792 284443 269432 261841 242406 254318 253496 261851 254922 293453 291981 263258 260523 266600 289660 302473 267111 280132 273241 260361 256090 244241 281249 254011 278992 275599 263883 265795 256532 267597 252428 284767 297175 234010 257467 273609 281539 268723 239360 279488 292039 280214 272294 274070 280802 285903 265335 285330 243546 319363 240731 250985 257173 301467 
272442 260396 212746 278445 273713 249597 281096 255570 295342 267165 256205 263713 238200 231948 214748 239550 271016 248317 283874 264450 279200 258562 239243 276649 257166 278984 274230 285831 258597 245953 256634 240276 230161 276358 258552 258642 255700 264628 231663 263039 289033 261399 256397 252659 279345 240107 234698 264903 233028 249953 224914 243852 224438 231512 246220 264039 276762 250008 246036 256361 264295 300815 264999 270010 230864 247759 246292 242262 258582 250856 265234 267938 262290 252110 236940 255481 247667 277627 281654 219995 226374 258225 269244 264054 233626 265255 265186 256380 248648 244933 256472 275763 235058 269765 245667 285330 236542 242812 225987 289744 
240992 240080 209923 245368 253209 243049 256850 260176 282780 233520 239344 236379 232417 222813 224713 224356 252394 245806 241015 228186 236565 226489 214005 237418 220055 264295 259859 271583 242522 221409 229841 224436 219683 241152 246972 231204 236246 243699 211435 232014 257524 240794 235558 223686 266431 220244 204556 258599 225954 223315 216388 226412 225864 206870 229051 236213 254872 228488 230319 244598 255145 260204 242228 252908 233808 243214 232184 214471 245164 230690 240006 227294 227348 244395 237700 218544 226013 241336 244041 197747 216580 244135 246845 224662 222890 264649 241696 261955 238060 244125 233606 256273 217832 242586 204053 280448 210377 230100 214821 256760 
285508 296650 241687 292126 278620 275662 322025 293411 328370 282911 276828 272775 260493 261878 262079 274570 290477 268419 285858 281344 276634 266909 266478 279281 267827 305018 291452 315257 300522 260753 282312 260264 258372 282160 293814 269317 274709 282701 262415 281072 293772 278445 282495 268973 313967 243671 238731 291812 272393 243872 248886 261509 260623 255211 268134 288157 288133 265235 271087 299339 292357 300319 280893 302099 276441 261176 258858 244611 261132 279976 283758 289114 285906 288076 258300 253451 255700 277525 302659 243539 247285 284754 306083 268541 229299 286566 280963 286858 267283 266996 272078 289353 262545 295598 261208 329088 252244 257878 247257 310405 
238204 251143 203288 250626 239914 218130 272897 250551 270505 251905 231019 232613 240877 231446 233128 238365 249571 235941 245752 227244 229495 212189 221070 228464 222877 249577 263376 265151 252465 228101 233334 211657 208638 237676 222501 226158 230261 230771 225869 239958 251261 245123 237853 232259 265845 232528 212285 249246 232079 219209 220980 214559 229624 212187 227098 236759 238112 228961 230250 241293 256674 256683 241089 238763 222364 220760 234264 195938 230619 222272 242914 249937 247882 228434 218948 235408 221284 235011 251629 198020 219388 240189 253971 224221 218544 234247 245333 244438 233703 232839 227446 249338 218604 262968 225962 277481 219607 213336 218109 253294 
314449 304348 261307 312498 305466 281168 323888 318100 323207 294769 282729 309089 286296 281002 268698 297044 294328 282075 304139 290572 302714 276838 282003 302336 272864 318856 309180 302252 293415 277150 295132 269336 261433 308242 296051 276388 269680 303664 264115 295825 332079 301858 296280 282168 317310 279586 272963 313882 259065 266123 249301 276153 273581 258311 282798 310328 309702 258159 273321 285884 319467 314698 285702 294299 277463 276671 283467 258344 292034 285805 296115 291419 291612 301755 288284 259538 262560 304154 313191 244377 276892 305968 305641 282269 262386 293772 295455 294113 284270 290836 292712 306470 268831 304683 276726 335576 263514 284074 259909 316158 
254301 251678 213547 254942 240551 255823 252312 242168 275814 253358 243332 244985 248087 231450 238611 244866 252758 240494 268721 247758 244092 234995 236046 243185 233040 257505 257843 257955 252792 227161 242526 217166 216946 232599 251303 241861 233915 254179 215594 253029 253832 238730 255886 253425 251606 226521 237515 244356 233386 229951 218636 222003 223847 221050 238924 244726 241855 218983 232862 254880 250413 258767 254534 242387 236530 225254 222299 227240 232898 242120 238307 252562 257720 243041 231622 230608 227698 243517 235516 200411 230454 240818 271389 246927 226446 255379 274491 253206 238505 228579 242613 247626 235056 268866 223266 274432 217423 228533 219578 270543 
253147 241956 213662 257553 247139 223155 272215 243851 277286 248310 235178 249472 228201 215435 227308 239201 242360 231039 269538 239281 237795 232328 240373 257169 217654 265481 255477 267224 227739 239599 236889 218894 215728 229526 240580 237539 257738 245500 228283 237967 263749 251312 243147 247895 265319 231833 222111 240153 230574 209946 210452 231906 230224 225905 223872 234367 252349 242627 237575 250901 263785 257592 227433 244056 220038 225036 232572 211507 252162 229459 237428 249841 246404 242094 232006 233350 221278 233677 250316 210066 224106 235334 247046 234768 219385 248274 251447 252803 230336 252458 229232 235736 226288 263956 223703 280366 217850 224661 201695 271959 
270099 254404 215531 244850 246424 239436 277908 256587 274961 250715 239100 235321 256196 217001 227139 249847 250166 222949 241663 247992 257763 243268 238541 274702 231503 274934 281189 253443 246204 241811 258278 226350 197491 252061 245665 225553 244059 250425 210280 222755 267307 244972 242524 244483 270212 247218 214232 248888 242724 224641 214052 226481 236489 221975 238414 243176 258521 219718 237278 239941 272941 261197 253371 232345 231920 234054 249954 218704 251642 238017 244478 262382 243739 235101 231745 229167 236243 252999 270873 203360 248767 250390 249435 247820 221074 274775 250555 237641 253004 247905 247190 262817 222774 257580 229848 272245 221185 231558 223139 275364 
292703 266406 255589 295657 280586 265380 313453 273727 308019 283630 268207 280915 270747 266079 259544 269922 263418 258423 289196 281209 282404 259678 292248 287707 253374 293925 301038 302775 277692 287341 291951 257669 248714 277743 280181 287262 263542 287470 257754 284373 305452 280071 279512 268890 294104 264313 255822 291642 264301 258879 239133 255650 258892 259646 268381 271568 287439 259211 271270 280132 284542 276234 287619 256379 274230 271876 277443 248589 290625 271323 286123 277060 287760 281398 251024 252903 275819 301507 299476 228147 245563 272558 299349 275419 235704 297866 291823 285697 273888 275129 272046 281295 252825 301544 259977 301188 249528 258017 249080 302275 
255316 242210 204771 264841 256944 239959 262867 264523 264157 253643 247398 242090 241987 218655 226233 231061 243990 236633 254746 248950 267318 243184 230975 260945 237715 262262 266690 264639 249392 231600 245974 220417 210634 253959 243343 234123 260786 250728 217335 243796 266472 241083 250576 227786 260909 237858 229518 260392 232839 214916 221692 229619 233843 217697 235558 251506 256867 222257 239718 254774 268333 252917 233744 231872 238185 230205 216050 224663 247793 238602 233394 263005 252655 258051 235015 223210 222952 240914 261881 221860 230203 254257 261925 233170 208814 259802 255056 245243 239151 232439 243335 261617 229490 249894 229793 261721 221175 225411 217223 270776 
272802 248806 224140 261202 272202 246620 277269 261631 278828 250385 256604 237574 251063 214480 223888 252983 271121 246086 255073 263129 264641 244741 232030 260185 240619 276061 293888 261889 255316 238452 253893 215857 210164 242941 247496 237744 248594 266873 239713 236238 260135 249895 251900 240230 284148 245413 225779 257684 235719 217026 224350 231169 227678 224224 236349 262494 255297 220520 237505 242033 257375 283383 253797 246370 234405 238131 246658 226154 254763 233307 243253 254035 231183 235674 225816 235987 229966 245767 256320 217202 245604 242709 266639 236978 224542 274584 269502 252772 256551 249917 248219 273546 210664 255571 237787 281983 200418 238407 221727 267478 
284023 278382 217177 275534 273595 256091 293916 280498 314584 272135 270175 261523 242371 237752 244919 250974 255261 235358 268790 278174 254535 250983 251310 263280 252494 268026 295039 269328 261898 242756 269309 222067 221931 264921 250971 250971 268747 253433 221619 252338 291313 250395 250859 268903 266068 250275 238566 268082 248685 246242 240845 253225 243924 249269 257111 249723 255063 249725 251578 265415 264356 275842 258519 263111 246942 239384 235106 223469 256324 250870 269064 261765 256789 256909 255042 239306 232823 258890 273365 228673 246000 270196 271559 247035 237720 267535 277378 270740 253975 255588 242350 293157 258013 275161 227391 278694 236195 243193 232002 280241 
300441 285411 241222 287859 274334 266500 311670 299153 303232 291614 270734 278341 271865 263879 247592 281578 292537 270929 295085 293346 283161 267689 272195 304829 270341 306809 308689 291181 287585 269959 285899 252096 261226 284636 281656 274539 262901 270339 249874 278599 308989 273452 262292 262367 297821 263025 260263 273859 271332 256487 231182 270509 262232 254043 259106 275668 297202 262100 247431 270747 307207 280439 285797 272685 262501 250330 263571 250599 280386 251903 290345 295753 279654 274849 265843 248403 249905 273868 290343 227218 266899 289133 299513 270737 244138 275072 298697 270381 282939 277869 272681 301674 256333 293240 251236 313472 252844 264995 228698 297867 
280994 262315 232388 265646 249878 245154 270128 250368 276540 263111 244842 258313 236677 222017 233363 251423 262783 226622 262813 257346 265475 250042 234105 254221 239418 283026 260880 276080 250774 241096 250529 230100 221814 261200 264668 258076 240832 253833 248129 258988 270992 265090 261595 242403 288024 240117 235178 267821 236076 234267 214025 250012 242223 239717 243749 264905 274188 245417 235149 248664 266432 273241 264039 250404 240421 257775 242610 221811 258698 226890 249166 250903 257798 250512 235789 229012 220979 245414 258570 217587 226847 253736 265097 241146 239882 255548 257672 269828 242585 250578 245860 245754 237675 265988 222630 293173 213937 237754 219835 278380 
290071 294888 240765 292693 271853 255282 289399 266402 297791 277168 275177 277416 255891 238087 241321 252441 257232 244835 291903 261523 270054 253910 257345 270350 249424 276689 301992 281385 276275 243595 266618 245407 233272 269094 264456 258494 268022 268599 247568 269290 287122 267218 277162 279737 293963 246921 229957 270423 255481 236587 216999 251887 245487 243249 252191 262758 277581 246813 252662 268434 279940 293842 264261 263203 241803 259121 236138 241168 271068 246490 249155 266115 274690 267694 239185 252832 235116 261979 270449 235227 262973 262868 269166 245065 246042 277592 276071 272847 236603 245943 269233 278696 266837 284299 244875 297130 236445 254695 236963 278974 
255961 250194 220769 260490 250602 240806 284945 260131 289522 269451 263341 251785 244150 231662 225470 233548 249011 243493 276843 249006 251608 263380 245421 263253 234481 272097 275029 270098 253169 235471 253544 224826 217276 271172 235417 254143 240546 252667 212974 232298 270684 253405 255100 253815 262451 248480 229547 255074 240551 224396 221761 216116 229571 237996 227461 254734 264376 231616 241751 264774 277534 276286 259810 252707 227241 228492 231376 224644 246199 225941 247517 249817 245792 254028 233684 238742 231747 251982 275019 215270 233115 247254 254439 232455 232834 251023 251604 254949 239691 244707 258390 261297 229003 273526 235635 265197 238334 234825 227142 273459 
277100 280035 239476 269048 255823 247406 294612 262212 301196 276901 277443 274098 256784 248137 247358 269429 278262 248420 280633 261688 264608 255154 241991 280455 261425 286476 296368 293627 267416 244696 272354 245448 236175 295143 272765 273259 255443 259201 236773 263623 288432 267897 261136 274999 282613 256486 248278 277314 256784 253786 231513 254930 254740 251688 240404 277205 274988 262518 249016 264838 279049 278230 266695 270120 255389 232507 233313 233223 256168 240291 262252 265020 263223 255776 247045 241405 222491 271608 280420 230673 241433 272677 275443 260362 248426 271351 278404 262169 240681 260630 267824 257102 251860 287339 240200 290914 241723 253822 234493 266127 
261242 238085 213536 248197 238107 228417 276070 234060 279652 267631 253271 225305 237541 230063 220612 238334 246082 228592 254778 241093 246963 250665 226312 239314 247004 252727 247416 262312 245640 236001 241591 226739 217136 228790 239755 242109 240247 247841 233617 246585 264146 235350 258152 252718 267622 230032 227990 243328 228160 221078 224974 230404 232387 214847 233611 256293 250691 216261 222577 225895 254290 268835 246453 245417 235508 226718 231696 220761 242266 227264 232840 240059 235528 245431 226035 237196 225915 245412 244825 200296 213594 234674 248498 229538 207488 246787 258478 252674 227468 231904 235227 251280 242761 265075 222934 268605 226073 227886 224155 278440 
302928 296604 237904 299325 286668 279417 323750 287920 328262 285069 283857 303026 274721 264002 269288 290805 311102 284100 312524 277380 281772 282112 265383 294259 266326 305610 311135 300478 279242 272872 296956 279388 259649 298624 286986 275151 281767 283901 257680 290115 313887 294506 284781 281436 316279 273157 268315 285632 275071 269988 270994 290016 282841 271285 257677 290866 299797 281145 254447 282962 311388 302795 283765 289548 274175 278234 262429 259817 292836 268838 278056 302498 285265 274499 266377 266173 262908 288289 298309 228122 266515 296682 301258 280866 268855 277017 315226 282606 303761 286431 286956 315088 272027 296554 267132 321628 269046 274202 245696 311706 
279611 263521 233713 285328 256841 245224 277042 261532 300893 263686 254552 267880 255126 231797 243216 234755 267121 224903 273922 251603 261798 247260 239230 269099 249295 270921 277766 274515 262383 245208 259360 225208 219085 272037 248510 247437 245695 263535 229321 253412 280241 259749 246841 243297 283978 237026 227337 265304 230283 242624 225868 256645 259087 239437 248294 261878 260428 253753 245996 253638 277164 277816 278407 247576 239900 259657 250574 243234 262591 244762 266750 272293 264864 269818 219220 232681 241117 264953 278918 226134 248646 268688 282163 261218 226616 263673 274303 254434 257493 259008 252346 285659 262868 264139 239868 259902 237476 251831 237389 289778 
262071 284941 229415 254985 254511 252831 297177 277787 301041 266201 255897 258028 264554 230903 233611 267015 264566 248341 279618 245458 271588 265799 245288 268180 240704 284852 292528 269616 260768 249547 259631 227942 239075 252151 246492 267150 249113 284218 233601 267544 282794 258297 264164 250505 296564 254965 232324 247742 242267 236347 241567 232646 241225 236069 239057 262512 288439 240324 248675 258700 271024 280336 261618 253296 260320 234486 239059 237592 255615 249858 254068 267387 268542 258408 250532 242132 241793 257112 266137 225301 228676 258950 281275 236570 232059 258333 278936 254545 256189 249441 255001 276618 249999 265097 218097 272565 245648 241634 241390 282310 
250272 248285 203093 229620 246523 238295 274519 265450 270367 248590 233780 237596 239459 222429 216820 230617 252900 222617 238409 240003 234432 239562 226349 244777 240926 252489 260089 257522 245069 206292 222294 228449 201435 240518 237851 220011 234843 238739 219873 238946 250886 232401 233602 226127 253587 222757 218676 256855 236104 224156 216110 218767 215434 198051 226684 237863 239695 197133 225221 231455 246931 246959 227379 236007 231847 228808 222895 205462 246946 215018 232292 228917 235332 238088 241419 217589 212201 223394 238117 212272 224357 241930 262145 208301 228209 237251 247457 239468 232112 225919 237403 257641 216445 260768 213394 268628 218815 218910 208513 259909 
301916 300054 240303 284906 288422 253147 307453 303118 325861 295340 280735 261049 268650 243984 258950 269294 268795 259069 299424 286113 273325 272749 282622 291859 258831 308585 296116 308404 265948 270920 287553 255825 243900 277698 289340 257185 267113 283419 259183 273496 300923 272905 287569 295759 299879 267219 269962 283072 277226 241199 240901 266170 272705 267457 272998 288866 287295 254329 283657 285264 296293 303127 285064 286506 263626 253454 270887 245009 264414 274965 283682 289266 283079 281443 277337 252844 260644 259321 298646 236662 266093 275546 293397 271671 240793 270630 283998 292904 271362 271928 277467 294888 268418 301120 250079 312299 254505 265430 248304 304851 
279537 278014 211029 289652 259933 239168 284989 264826 293260 250181 252245 249844 242820 231720 226451 246863 255525 233072 277416 259703 254902 261624 252932 267151 248432 272550 276432 265027 254311 230270 264463 234719 218263 260631 265449 236494 254922 267864 227992 242169 269878 251475 258325 245039 289971 237505 238438 253284 245330 209059 236649 241796 238563 232776 246080 268973 261265 228284 238830 263555 259016 267839 256698 258091 251114 232864 235551 223939 240827 240063 250170 260234 263960 258751 226483 238627 232900 243468 261660 218315 246565 264067 267959 248201 225036 260206 268810 271181 254878 238964 262050 278541 234974 267937 239152 286162 238877 238329 210217 286309 
267463 270196 222127 251831 259904 235778 269470 269459 294106 269904 244987 230449 246407 225341 228800 239249 269356 256766 260715 253829 248106 249969 251081 245335 249927 282861 281518 277550 242666 244351 258974 230263 223990 260434 255785 254719 236727 255152 244922 240093 277285 243949 262669 253080 276422 241003 231684 241247 225711 238663 228426 227561 220735 224717 242895 248846 273059 231703 232803 238411 261302 276758 270364 254002 241517 220280 246394 229555 254203 234388 248093 248393 262038 257308 231118 244048 228085 251368 256731 209106 225209 249628 263125 243475 228649 255682 259920 251941 245884 249861 247739 271894 239387 274688 234317 265111 222635 231739 224686 271226 
252525 252333 207794 269695 265300 249468 277242 251035 280742 274587 246448 257005 252785 231706 234268 239779 253462 256684 266578 255199 243989 242698 240099 255406 230880 257478 275143 271246 246935 245880 252895 213306 216421 259225 253906 257372 260775 251303 208502 248318 274181 249602 254433 243973 258327 250229 230228 264131 249387 233530 222177 239433 235372 248836 238053 266540 263798 249072 251763 245859 270576 283534 246238 264406 231311 225529 223045 226339 239480 253082 246420 264323 254333 251662 248568 246103 228688 256593 281407 218172 235700 262617 248000 242667 202457 251809 276514 263885 251573 255148 249799 268064 234574 266598 227863 290030 238433 235294 222431 270967 
278372 289770 238657 285829 274368 266653 295633 278987 323759 290586 277059 280829 281220 239414 236348 251844 276697 262240 286952 278509 288426 264397 275875 280863 274552 298571 299129 302544 276103 264658 262451 233618 236211 281769 277178 276648 268819 273693 240110 275412 299570 289557 285919 260527 300212 267352 237343 280642 251326 244584 236501 252625 250162 244903 259588 282975 284799 268256 275934 264428 289800 292961 278832 282428 266161 251719 252082 254079 271992 265922 282272 285081 275789 278041 252931 273517 256258 275288 294714 219475 255450 262999 299816 268146 249302 290773 279421 281963 261955 286538 277847 294718 275151 300296 248689 315348 251370 251394 240686 309727 
259061 244314 206022 238846 249338 230708 260677 230583 269511 243186 234006 233204 221388 210134 215287 239271 216544 218817 249506 240784 234931 216968 241475 249459 226336 258578 245211 228412 235949 230946 228284 197921 211123 225619 227146 233566 220824 245495 217342 231830 244009 227786 241266 234529 243207 211192 209052 243461 220406 213667 197881 220352 210950 216717 219014 236467 248910 205165 212004 213263 242127 249787 240683 228382 213850 220461 224714 197742 223497 229150 231873 224445 244252 241874 214870 221648 214111 242086 249996 218244 216100 222321 250821 230689 209708 235348 247313 245118 232246 218079 242815 240705 214617 251878 211959 260517 206602 224538 220003 252480 
285863 299282 241452 304514 296878 272145 324194 290792 324908 295231 281736 285479 273089 249713 265306 281891 281026 260957 300184 285804 263952 271647 261481 286853 265143 292874 313470 287217 284785 268733 282026 246794 251490 305722 269997 277190 280245 285569 251770 277351 281026 283774 284743 266194 315412 262558 247675 276381 261122 239737 247229 262581 260736 255869 262652 284985 297231 254318 290867 287287 292921 301553 279379 279613 268556 248738 258369 253526 260466 263423 278766 290129 284720 269555 261683 256165 260278 274762 291714 251376 266483 302684 293058 270721 255654 287031 289796 284020 273228 275842 286970 304110 260288 299708 261922 308914 266005 263326 238449 302718 
251833 277406 213736 270460 257216 239716 290570 271525 294190 273434 257725 263754 245916 230216 237444 251309 238367 248591 277188 251415 245716 259565 242729 258878 227709 291060 266143 260865 268541 240088 265198 225990 223602 263142 249926 246244 231034 263502 220894 252062 276236 257114 262529 249396 278423 240463 217833 274305 250626 229069 241077 234625 247959 241429 248761 271680 263829 235239 246125 251506 280305 281578 252714 263672 245966 243823 254290 228953 233107 251635 266158 265976 261194 247062 247294 230403 243819 255801 279575 221329 232008 252734 263996 252757 235155 261651 271708 269081 274174 252629 269651 269202 245251 271903 221923 280603 226772 230542 232690 272704 
271894 275509 214190 268923 268592 237773 272231 270161 275242 257399 260934 252681 239766 211617 229957 235845 262853 247540 271657 246460 251503 255947 234282 247794 244051 275639 283511 266678 257907 227516 243134 231939 228973 257213 252091 235432 246025 259963 241389 249560 269497 256538 247062 262647 269001 246631 227694 256907 238023 229037 220883 245549 245492 230029 240397 247677 264498 233964 237978 248497 261360 282825 241264 260175 239489 212945 230954 218177 254906 237060 244466 255137 238752 238313 240454 240161 224504 236061 247943 217078 230625 251107 262355 234816 221736 263579 270799 265758 242211 233904 236070 270045 240309 267000 226235 287092 233736 235363 218509 264672 
252470 240059 191599 228903 241704 217830 254353 228478 261452 237789 230459 240377 225241 189815 219206 233559 242158 217650 230880 217424 235594 206592 209182 244243 241788 254613 250165 251757 236996 240235 240881 201970 219924 224719 236264 217063 241959 225895 205809 226103 251267 226385 226004 219142 241592 230560 214422 229059 226530 197512 217856 205114 222751 223783 207519 226594 231227 205500 226799 243248 255936 249616 220260 228551 221525 220485 213812 204312 220647 235370 240925 247951 229672 213631 220892 214572 212843 241613 249449 190631 207915 238565 250372 231190 195073 242193 241893 228443 228365 235027 208807 248808 208779 232605 208604 259692 211471 226775 206688 257677 
253951 246458 225525 248840 252612 221642 261821 257076 261896 243127 236135 232521 243359 235486 223515 228359 240402 223902 252365 239036 239297 229012 224836 238879 226284 268043 262036 269684 229374 219407 255923 226255 195734 236143 238911 235630 223085 243490 220924 230338 273748 229210 238858 242527 271183 214635 216540 262629 219681 220281 217495 225083 232991 208798 232570 254371 243556 230438 225984 234603 255628 261554 254956 242554 215072 243846 252592 220353 232852 230851 244089 222770 245058 246234 229768 214793 226854 246971 257140 206765 222462 236376 245270 238818 213582 241577 250668 252510 237297 236443 246625 261127 223438 249570 222733 254586 210456 241118 214045 254738 
263147 259011 211777 256347 254572 235258 280230 256979 290295 250390 233384 235011 230351 228127 232936 245225 234144 241336 273481 238972 238239 232353 241702 237352 233178 265375 276215 257126 259303 246520 254479 229788 221198 235839 240333 242811 227716 254158 238667 245640 253572 239307 258982 244232 270290 227600 216456 243989 236010 209602 204671 222397 231276 220070 218034 247579 253865 219833 230668 243928 250192 259356 240382 264673 232585 232057 227976 210598 223486 242870 233564 240136 233685 246047 238355 215966 233308 245103 260027 212989 231224 244939 262313 241394 206475 250353 262977 262906 240212 226901 252572 259725 227269 258443 221088 278520 222557 238625 228590 270396 
249599 233659 199850 252790 235744 210762 261541 236152 263960 239989 236877 233031 230858 222906 212008 226407 239140 240675 234435 235454 242443 225064 224928 253308 229027 248934 250855 254419 242199 226637 251858 217371 202618 248022 228773 231035 231736 222479 213078 233421 248519 235612 234460 231852 259825 214988 207685 250808 222624 223748 204451 221238 218405 213524 217962 230515 248000 211406 220760 234977 248266 251953 241334 249011 224340 224568 239266 198449 231054 222544 241516 238846 233718 243569 214457 219503 225434 228342 256189 206336 219373 223541 233147 223578 209205 241151 241471 248177 228450 230842 238145 248292 231399 248631 220771 274801 210486 224384 210346 263524 
250177 250977 200706 248024 242774 236034 281591 242395 276658 269470 240024 248110 241445 209148 213745 248119 244317 238361 251041 225946 243591 241322 225871 258994 230042 257576 272458 246146 270804 229526 245185 217081 212760 250589 220481 246900 233392 250714 218997 252372 252993 245212 263917 235172 266464 239126 214985 247491 223953 224043 213967 227848 230162 199648 231963 251896 270763 211615 245540 243497 257261 267802 233633 251444 228764 226679 226481 228547 227549 220396 251598 258558 244984 224845 235890 231600 233854 244734 258233 205857 229406 266248 257645 233785 227469 243372 251641 246617 232697 233510 248288 270073 233144 248734 210354 274132 215522 227653 226215 261393 
301994 293197 231575 298909 260100 271741 291544 279544 307936 291554 273828 280780 258844 261004 271018 269238 273306 262317 284322 293068 275215 275262 262493 273758 273373 300327 289161 307435 285558 243104 263758 249482 241006 272515 271032 250434 257573 291150 246545 286680 300540 274169 273325 270870 306004 262664 261316 292258 263553 259706 255355 257087 268311 252838 277189 277705 278526 256857 258157 266109 292891 309473 273577 275196 261435 264196 274276 245127 270879 263288 284036 279868 280259 275828 254924 261888 253079 278486 295374 244947 255881 269906 284709 255454 247625 286501 291322 276436 269904 258066 264414 281488 265993 293742 249844 301863 247649 250774 228467 274903 
263193 259966 219210 262511 252078 242986 276906 261939 275865 261849 257545 253948 247972 235037 231167 237674 253836 222663 260605 264964 260555 247371 241045 274135 231792 265060 283439 289124 256869 249139 255333 237962 211181 273267 243223 251583 249273 245489 211467 248037 272853 273719 252521 251201 282014 242171 223206 261967 248356 238209 220644 243541 249949 234924 242431 264940 271673 245009 242291 241693 281953 250450 246819 249635 241852 239479 239842 235784 261698 222353 276521 266625 258548 245012 228373 223931 222974 251883 287033 214647 243703 274088 268133 250395 219337 264567 255633 236378 243342 251195 255730 262121 233179 270685 236343 287704 232293 232302 211510 262952 
272164 262484 228978 267054 265858 254424 270013 266666 289169 266958 265637 255349 260738 234778 235297 249976 260271 243882 282912 263029 239983 257811 253336 254290 244926 266985 300224 271753 253123 241869 269105 244091 218531 267720 257464 251948 245780 275138 224377 261961 259365 246064 277736 271586 284270 241000 248963 262752 232183 233991 232248 250205 248551 225672 249315 252879 270193 238163 249901 257269 268941 282685 253331 269413 248453 225710 252537 234919 244920 241531 256840 253515 253509 242741 225460 235130 248747 258036 273901 223925 249681 259338 261701 255357 221826 255252 283499 261865 274206 247515 258358 284028 246036 277210 226793 275180 226150 248679 218243 281904 
278925 286395 248057 293006 276145 265360 306896 271066 300813 287087 280939 280952 278228 252366 245733 279877 281883 256952 296770 277029 271148 259107 264963 301665 251916 281292 301996 265971 289619 251034 273380 227202 250843 294958 261547 270462 252585 273085 252886 275957 284150 273764 273743 282455 289395 260125 250594 280942 236877 245100 244199 269272 261863 254382 272194 283153 283058 253764 256298 264994 280868 284901 260728 262039 260864 248731 265723 255735 268917 253332 274109 290460 277403 272186 250410 252920 244035 269653 278068 229196 270178 287890 284691 264523 242114 255094 285863 265901 264934 272301 275380 297637 258833 299641 231626 290206 249258 250911 245138 306729 
261811 269752 221080 268654 262290 238965 274463 255688 283741 241298 243093 250152 245543 231904 224290 247714 253602 246959 258793 272099 250654 233264 255329 262366 230610 270264 273891 271763 240870 250828 244299 217316 230878 228517 242140 260723 237084 251313 248721 249576 274123 250548 245589 244906 289154 224922 229816 245928 218327 229349 227525 243454 235336 225838 260844 258734 267841 245415 240594 241067 261320 253500 256481 256674 238271 235006 246650 227497 257740 236802 252291 258566 259971 251364 227060 238422 236346 263308 260309 210194 228046 250008 280423 245227 218162 251694 264475 240639 251431 243529 242951 280636 236232 258218 235675 277935 245189 236874 222776 274192 
269059 271929 200606 268348 249516 245309 285087 274276 298453 265206 243779 259647 229555 230881 225184 262211 241295 237174 292948 259559 266653 259331 257599 258828 248293 283947 276484 291506 258644 249610 273977 245388 220236 247909 256246 253117 244932 260987 234675 259692 275391 269733 272087 242339 286921 235631 235402 265239 248659 225797 222071 240634 255569 244071 240801 258140 269573 242212 251679 262010 265505 277007 260089 284201 250607 244366 231023 240839 251158 252098 253686 266364 253002 255181 229950 244106 240675 260535 286555 226544 231803 253128 273578 248300 225405 263320 265923 263223 242204 233174 250430 272821 252671 269829 234468 286580 242799 236205 218279 275645 
234927 255002 204399 256392 236646 235618 277427 244457 285881 251373 238744 255564 220571 222037 223345 243258 247665 234783 260147 245203 240449 230275 226285 235806 210676 257120 254836 256761 247521 223751 234595 222024 220071 240803 245161 235569 236814 239553 222007 240166 256246 244084 244059 238357 262144 229139 231168 246423 240886 197151 222984 227611 238066 209916 232951 263579 240935 228912 231587 244572 263543 263022 247914 241851 236193 234547 226202 208499 238735 236301 222526 258474 257859 231954 226334 226768 223360 239262 267370 197077 220141 255150 270371 234734 210030 255083 264625 252101 245009 246180 234406 247048 224301 257122 226227 280226 231502 217432 211421 264469 
269245 271306 222080 278002 241605 244411 278243 253608 294383 267158 243571 261598 250283 241581 229369 245925 256042 235907 261437 267921 273496 245646 241830 268251 242453 262352 269388 271394 258552 231760 263322 233809 209129 266154 269040 254915 236742 249925 231923 265867 275347 259075 259615 250100 286184 250858 241366 268415 248706 237859 229386 248644 238966 248249 253050 266969 268718 251320 241277 248776 273070 277265 259559 254547 239022 249408 248799 227266 266050 246118 258623 259532 260283 259959 235159 237335 236078 256634 285037 217691 247710 257359 267479 235556 225401 257264 271917 254019 253810 258519 253339 260098 263991 259349 232203 289335 233344 246191 229868 269327 
246874 231724 204728 241595 236896 220673 270081 254814 269504 245194 236542 222804 231887 222204 216889 233857 245740 232991 246288 236182 250848 227278 227443 241266 227307 258159 240028 253246 217342 233084 232221 220663 205402 224431 247206 240246 219101 237111 232797 240505 236925 238696 239047 233020 271959 226902 222769 250112 227636 216492 221209 226002 227936 232567 225489 261093 238779 226086 223349 231595 241023 260976 237508 242138 228842 222948 223112 212406 237797 219664 242725 243787 228245 241306 221444 219888 230592 231077 256402 207251 224471 243215 251190 223184 198179 232978 262348 257842 259799 234816 224575 241458 230809 257468 210525 273696 214288 215408 220471 261858 
235345 233063 192698 236285 230718 204785 250587 237539 261827 235190 225326 218578 219058 208331 208898 216081 230780 202943 226141 220685 240383 219819 213073 240744 217230 235439 249158 248238 235704 206311 227459 198340 180205 219850 222196 204537 214919 215848 199383 212384 256629 210555 220219 218197 235940 228769 197079 240770 228582 200694 192555 212937 210195 215113 203181 236966 220845 207086 211964 222465 235915 247770 204895 231216 219057 214979 209014 185560 213128 218575 233687 224510 217523 221682 224776 204285 203990 231801 244564 185360 219547 227556 235545 200397 198593 222802 238732 231274 207912 215311 220409 237042 227466 231206 209529 257610 210912 210282 199087 251051 
277184 264677 229730 271161 259017 252208 271754 252755 296277 270559 266251 267408 261088 233527 246316 260852 270829 251784 258799 266325 253625 241103 238067 267164 235587 270657 289198 261309 264517 242086 255760 223126 229381 271487 260725 250354 254025 250394 231476 256206 283261 247507 247580 263542 259745 256535 236395 277761 258820 227969 232025 227982 234240 227059 237557 254564 253238 224771 227250 254328 279814 269195 252439 239596 244498 246522 251702 231470 259244 251532 260138 264371 254005 243226 255521 228187 229524 264073 266700 214438 253041 262075 269984 245172 229654 272737 273817 255120 265511 254879 245761 272638 234287 267966 243950 294819 223366 243457 222277 261953 
268804 282429 233719 273548 262179 241170 294994 271702 278313 282355 257249 260903 250197 244788 246971 266061 269186 274264 274381 264434 276554 265677 256821 266187 247615 301105 280211 281496 275540 253043 259960 240451 245043 274342 264142 247868 242613 266802 242867 266644 287839 265392 282837 259570 284732 260327 245272 275234 258078 240237 220400 242050 255945 249032 248620 267563 280223 234281 246272 262485 288147 281893 252827 257838 242090 259755 258413 233778 270820 243542 259071 274385 263023 264655 255072 242916 257449 265640 280520 229841 243825 255407 272430 249774 227616 273925 285011 265979 261706 253441 279755 272490 232753 286833 238419 294336 250846 246307 240234 286464 
299615 291222 231339 286531 281501 271418 317218 297773 336356 286638 275351 294229 268145 253581 250500 279870 276878 269780 293670 279789 289875 284979 263614 300093 257502 311791 320526 298952 291501 271948 283347 266748 253084 291482 281833 277993 260899 280974 257581 276958 313628 277371 290781 257515 313539 282427 256033 289706 267067 249693 256821 260073 273270 258950 267095 293676 307939 263517 256839 267396 319195 283329 283622 292802 289535 279130 274960 247441 299615 262881 276742 287673 289213 272463 272398 254208 268947 295088 313680 227560 270342 295316 286602 264533 254827 289707 305426 283493 295372 292168 284690 292475 264092 289295 245347 324734 262947 261786 258789 314568 
254074 250358 193352 239020 236419 225541 260594 257272 270603 252560 243405 250942 203125 198902 210969 225264 243746 237692 248093 243459 267269 237927 228445 255434 229310 287129 263534 247892 263754 227910 241356 220957 229372 229080 239826 228261 231903 240565 217695 248848 264610 249223 241748 241652 262462 229858 211538 252343 224954 214985 222819 229497 238725 225819 237708 248103 251906 217678 231574 233188 262965 263389 237018 255610 237902 238669 238608 205842 258566 235777 243953 253358 237306 217393 220465 226677 217379 230067 264736 219907 219807 226825 247013 227892 215538 250368 254612 238820 252888 236107 231788 247992 227179 255802 202396 264397 220128 218610 221839 262382 
293057 293792 231536 288112 296155 266289 304152 294365 313400 288270 267074 277625 256020 237307 239911 265707 280589 272488 299859 283240 281757 274213 269570 277211 264042 289875 324726 278502 270760 267188 279033 238289 251421 278387 272113 276255 280070 262275 241896 265416 292032 277028 290588 270645 283934 272223 254671 276422 249077 236367 229480 251613 251168 241862 248207 278781 293572 256705 254042 268681 288442 283278 274608 281867 258550 263976 248430 251171 274199 247018 268781 287575 268290 264051 259436 256335 250804 266078 288247 246824 260988 285428 290762 281621 236863 285970 286340 280562 278366 270651 275975 303969 247784 288032 248931 312130 262101 265651 238624 311113 
272992 278620 234411 262602 260997 260590 308676 294502 305126 281355 280710 261318 251400 235209 233633 272926 271944 256501 272890 262833 275937 269926 249198 282895 247698 291470 298842 293474 271965 257008 280940 238001 229793 276161 263595 265555 274903 275591 223089 259323 274782 273544 275232 262825 307278 252105 247441 278970 253020 240959 230725 248004 254298 246340 260832 273701 292344 255020 255422 270817 273649 280717 276144 280967 232928 254427 253461 238174 270298 258458 272166 267530 273834 266523 235616 252537 254651 268789 294547 236938 253922 281100 284983 249588 239743 287011 275554 268572 276791 271103 259716 293951 252979 285962 221730 293838 235861 243463 264963 309053 
266574 268299 214891 273870 252692 244929 271688 256137 285202 259720 242987 265019 239091 230956 229031 257041 251483 245254 282827 278543 276819 257669 243377 265056 236661 276041 271700 267447 246184 229727 259977 222315 231926 260289 249496 252033 251550 261295 233819 254010 264903 273255 264005 253981 280049 238797 228888 265577 239836 226712 208768 228046 219779 228309 234189 249952 267422 221766 244634 247195 262457 256361 251681 250597 254249 243121 244452 238918 259193 247298 241411 262039 260013 254183 251231 242811 229747 244230 257121 210559 238008 244419 259614 251126 226396 251163 261040 246360 240320 244237 254598 259487 225938 271689 234288 280351 222244 243390 215012 267426 
221775 218680 190173 233931 247768 220929 246822 222023 247872 238811 241067 246286 236089 212926 196789 225962 231108 230938 234864 228126 237739 225909 217526 248660 227071 265506 249817 244908 240836 222020 240806 205244 205599 221342 222324 231475 239493 228558 202670 226437 266144 229179 249516 215759 238634 219040 200000 248362 216862 222418 212172 212888 218531 219684 217571 242441 244150 209479 227443 227507 262689 246578 216709 234284 225636 217220 216895 214803 237768 218230 215536 241601 233917 230684 217789 212283 207744 239111 252723 183685 214625 212475 224875 218654 202816 230133 241268 233508 234295 219877 234689 240695 209280 250571 223458 264841 204626 211977 209404 259970 
264451 240329 207668 245872 246396 236877 265949 259860 276885 247861 247660 240623 238643 218612 197501 232305 243440 226149 261841 244492 250528 234125 232475 255881 238491 260834 277679 274135 250133 236311 250870 229243 205987 255467 238070 245985 237153 239754 227284 237022 270490 236939 244784 237664 260383 237891 218956 256180 241635 225166 217713 234221 229168 201154 228107 259854 250295 231928 235210 239505 272339 246269 239701 253251 244627 238406 233628 219746 233779 227685 252517 240132 248007 237223 243688 223887 219903 252967 286593 214800 239923 262805 263166 240871 207139 240020 248883 248970 236362 240575 251886 259373 227681 260892 219091 278200 222353 229316 223190 270542 
241164 252977 225331 239441 237753 232136 267400 239715 271494 237469 232326 224412 241593 219877 204858 237400 247751 225863 243229 238409 246014 234557 221248 254558 214032 267369 254442 244670 238687 228944 247431 218435 203638 252494 240676 226089 238768 220342 209204 229307 273242 225490 251939 224233 262950 236077 218412 252543 238191 223868 203327 223558 207934 202815 216675 251472 237553 213714 226982 234368 255659 252001 245587 234536 238869 227941 213402 208393 238697 217829 232991 248891 228547 246857 234364 223664 231960 242094 251422 207440 237247 232906 252651 226687 199245 250299 251966 244714 218015 239972 243574 241043 217176 223621 221605 291042 212463 220512 211954 269974 
267652 245672 223337 246266 255692 250999 281472 259545 291318 256291 257958 234980 245436 231260 229947 237006 263747 227645 271840 243147 264516 237330 226077 254204 230811 262106 276524 276462 246275 243617 228628 232492 230556 254322 260853 244638 247913 263868 225387 275763 265246 251181 251767 250305 281582 248155 221699 263374 236996 223543 218873 232451 252382 233787 246829 269928 253811 246283 246429 244946 262491 273846 249985 250447 233177 256978 240290 229726 270232 233808 256352 244637 236425 248378 221582 241874 240281 272143 280608 218808 238291 256695 272228 221682 209085 261600 266721 244106 252033 252502 246042 269282 231779 255235 232370 278998 214852 244668 232557 268226 
259934 256503 210234 263637 258426 242053 272049 262504 280907 266504 261892 248572 242208 233196 236439 254819 258601 243396 262358 241116 245733 247325 238474 242381 210801 258184 269817 254626 246841 232878 254922 226365 229506 255565 247314 251731 228733 244623 225075 252765 274711 252234 245176 259261 263497 237753 237678 257646 229741 229319 217979 221717 215541 221486 232095 262631 257683 216627 226263 244427 258432 265720 255536 256929 243456 225392 245835 226604 249934 232524 261740 247478 240235 242845 243609 217824 239284 247274 254472 193668 222661 256713 259954 247161 217039 237465 263157 247242 240858 235320 236667 262583 225548 253079 229054 272310 231673 242178 221310 269696 
254146 234334 207362 247683 233506 221908 265159 237766 253158 257017 239996 234225 219970 226362 226023 234388 241295 227454 245182 244299 243350 219665 243110 239819 235326 267203 256785 267358 254680 236308 241256 207602 212483 229068 224262 233103 241833 232433 202014 241206 255037 253409 245387 242396 256445 214331 213255 240606 222093 210102 219070 227055 227431 216264 229360 233868 248966 201014 230203 241526 239880 255268 230164 235300 219810 230978 224779 230965 233658 238071 232275 246801 233079 241062 216609 233624 228622 248651 254334 193597 229746 242391 257662 246369 196532 257746 249563 248612 228671 225036 248814 262554 222635 266422 209142 260525 213543 215575 216087 257016 
262013 243658 218055 271318 273733 245068 285404 277405 265560 260087 249221 256972 231576 242394 229437 239658 251160 250006 276040 252586 256929 231813 253982 253446 227239 279025 273594 257691 264498 243091 258444 247095 224116 250774 240143 232518 243875 262447 228944 259686 271463 250144 256708 241590 273039 238877 215777 260972 243308 227222 220620 240771 245854 217876 240925 264871 257076 230454 242778 256703 288292 283851 248224 250816 230760 243214 234226 219873 243560 230265 260315 257300 242866 247061 245723 229594 236598 254201 270214 214566 242205 259993 266956 254877 213525 249506 263913 261396 251992 241923 270521 279349 227677 268885 241864 292822 229419 240863 221471 271347 
288550 280079 231484 269818 272736 251837 295711 265771 304664 284845 268862 256683 262948 227653 235418 262779 271415 249006 262127 263794 245459 273148 239053 278517 237277 282318 306994 277997 269535 258733 264142 244860 242144 270462 252065 256787 242100 263324 236069 246707 291490 255124 271908 267446 278956 251992 239995 249256 243172 218867 234110 251384 251868 233547 235972 259338 277114 237438 247794 251985 273569 282274 267668 272623 244568 235556 265603 248873 268797 248985 259160 276777 254658 245127 244579 253824 250192 270710 274063 205653 248242 269641 272464 252784 242306 274662 279470 252928 270629 272980 260078 287322 244435 270312 233637 294423 238237 250929 236454 277325 
259486 269080 210875 265024 250530 255837 295461 267429 295725 269436 266104 264386 260081 237108 239699 279275 265264 260249 271168 259746 274554 255389 258125 283293 253642 280860 276539 266942 263751 242674 274906 235687 216282 256082 260072 250166 244098 258646 255489 260638 282508 252561 281281 258115 274618 254351 249712 268827 238354 241457 246612 243451 253037 232736 264952 267306 275633 234439 253530 251588 277785 282602 256683 264092 247983 238137 267898 227759 261275 239396 283219 279019 267896 239068 261464 242791 257752 273944 273361 223919 234331 266329 256028 261094 235686 283208 276225 257667 274713 253387 247750 275633 242874 290299 234632 295459 250299 243152 217119 288523 
258856 258137 212793 246678 235956 242513 275453 257044 283910 265564 265367 247406 233003 230802 245090 251041 248069 239059 261359 258781 247266 243563 241749 273866 234661 273218 282613 273166 250772 243024 260948 240430 215770 259644 243997 232360 242983 243352 223447 243412 274684 253886 253576 248425 264115 242315 236374 263245 245602 222518 243172 246012 237765 237085 234977 252693 261992 228538 236906 255171 271366 275120 246131 267619 254703 244820 240078 231550 259755 241197 250796 273716 253450 241841 255626 232520 241929 245567 268795 216589 247494 263197 245964 229429 222666 267919 257368 260558 253976 246854 236083 254781 232800 263980 211555 273094 222686 235660 207301 266935 
242120 240489 178820 227190 235628 222035 242235 218951 268511 208315 215445 228082 211174 196644 198122 217243 224192 208306 232685 228883 224394 222447 209491 233690 207750 226742 247369 227807 233397 199438 219406 198446 210914 216945 211264 217493 205312 221130 209760 219710 240829 225520 208457 216132 234462 205448 198399 226916 209110 203694 184381 206434 207237 208997 219671 238045 230698 209153 214458 205395 223811 228394 220275 239686 216638 224053 210627 200960 225638 214042 225854 225517 219623 216777 210465 189560 198018 231392 234458 179198 213140 222748 241232 219015 206880 216277 243401 218331 215809 225821 218048 250188 206523 227871 201379 247704 210621 216674 197301 233512 
284856 283400 238365 284068 277937 236910 294935 280652 297909 281327 255461 260685 245572 238668 253697 256794 277378 254175 268404 257569 249092 266036 247124 258093 242237 303903 299224 289696 275752 258662 278592 251844 236225 271824 267380 242394 256349 267298 246726 255792 291683 253123 270250 257565 297314 260264 239395 267567 250049 233651 228546 231659 248853 231555 239218 271803 279645 233273 261652 260065 293751 272886 267100 263055 245609 247871 264190 248727 276258 242258 272278 256625 261745 248529 250985 244980 250839 262618 274267 210743 252116 281535 267513 248139 228029 273208 267557 269268 252303 269174 270439 275696 242234 275130 240487 296331 236291 259461 234156 278956 
243901 251803 214976 257086 245660 204677 271712 264979 273119 254703 232295 248258 218886 216795 213703 221588 251771 236114 264051 238824 265065 223696 233230 258773 252273 280982 276952 274570 269038 227286 245852 237748 219127 253046 250841 211551 246349 226826 217549 236131 260138 255252 227280 244296 274829 230738 211022 263828 218599 221708 209572 215981 231727 221697 226540 248925 246200 234378 237644 239493 257251 275206 248528 250408 227963 241343 226204 224232 245132 235733 232821 255721 251521 219256 228521 244239 213435 247443 261630 188811 244068 244280 249904 237763 223008 260321 238163 248212 238164 243682 247065 268336 225584 269310 231125 278985 226159 220976 208413 264498 
265299 263042 230100 252213 254913 237269 286768 258785 278445 268972 256981 250905 238286 226736 217808 246631 255623 243554 268985 252646 263887 241180 250196 265938 240975 282499 284362 272292 255184 233576 263539 229562 220167 281210 246603 266556 246590 240503 226497 255777 277934 259765 258902 258521 252642 241081 222246 271045 234800 240145 220757 225156 224754 226625 245439 266613 259862 230690 232166 245703 273850 259361 264577 248940 235463 254629 240678 237554 252082 219665 244671 262719 262329 251506 235051 237043 231132 252142 275342 223101 237156 254873 271436 261995 221475 276689 251425 237410 252535 263518 260526 259391 225273 266482 227446 279603 207486 230079 239301 261712 
264036 278303 222432 263554 258141 249870 290040 268465 311213 256823 269864 264777 250034 254601 228101 258863 260845 229643 276283 243662 266000 259103 234084 259184 240513 277911 285897 266887 263990 223742 264876 236869 216733 265904 265148 245276 248441 263019 226529 262538 277647 237386 272712 249149 282877 253459 216893 262242 242789 221550 229007 224967 246768 213886 244067 283023 258296 235752 248446 262465 282349 266253 254166 259377 259132 234475 250902 222716 246676 240345 255489 232977 246728 252143 244936 235241 226986 267298 275581 219936 239085 256139 266721 237406 231254 253866 270323 252646 249563 264410 261995 262213 252634 282838 234193 287712 238227 240179 228031 279108 
245820 265043 222226 252705 253244 241212 283833 268050 270986 258056 245029 247476 240832 228959 211165 227588 248132 230581 250969 239027 240019 220316 225417 243871 207948 251975 279134 265039 251126 218565 238443 231037 205475 252623 234248 234769 230770 228571 219952 249872 265655 241152 242217 242868 267539 217907 207045 255487 226289 217399 213709 228040 202970 203550 231400 242597 258655 220382 227426 217570 248976 255254 229424 248268 212542 215797 230413 209256 231298 214169 243502 238774 237280 234859 234939 243156 233359 251909 258890 197107 229257 266256 253059 218802 201022 222105 234084 225669 236196 229026 231900 270846 221717 253102 211466 259355 223807 222718 230054 249288 
