100 100
81 70 79 66 32 58 63 61 95 36 58 42 0 11 33 88 89 59 14 67 94 77 64 70 17 88 100 34 31 23 83 31 87 53 62 41 27 17 93 29 75 5 11 2 72 61 54 23 18 0 20 15 1 46 54 76 36 43 24 23 34 25 95 18 84 19 83 38 49 30 92 30 19 17 95 5 83 74 16 25 42 47 66 81 23 93 85 7 90 93 13 68 42 12 16 82 71 16 37 62 
26 13 86 3 17 42 83 3 70 24 92 87 40 21 11 41 83 45 60 82 87 64 0 99 83 79 45 18 59 1 52 17 54 94 3 59 98 5 45 41 62 93 27 62 31 23 28 66 6 57 99 78 52 47 44 98 5 26 94 50 54 92 82 23 73 59 69 83 39 1 20 73 3 13 35 51 32 81 77 72 79 24 50 55 68 81 56 7 86 91 79 75 27 47 35 53 8 27 50 54 
42 54 3 2 61 25 42 32 31 77 65 46 21 8 25 55 97 41 3 97 76 89 3 97 89 96 93 87 20 81 73 18 40 58 2 84 88 7 20 0 82 44 84 32 53 66 69 4 25 36 59 9 26 24 18 43 71 25 75 24 77 45 37 57 62 62 76 58 91 22 14 74 97 11 83 28 91 39 64 84 13 53 29 61 24 99 47 32 23 40 69 39 4 35 41 44 95 45 26 100 
47 96 62 77 45 2 75 77 93 43 21 69 2 100 88 3 62 4 71 40 67 39 89 68 47 12 89 46 76 11 84 84 86 52 56 33 53 58 66 100 63 51 6 92 87 34 3 38 93 52 39 54 65 68 82 72 26 94 38 93 59 60 37 73 90 87 94 47 50 67 100 47 93 39 27 29 0 73 78 70 65 67 93 74 5 12 95 17 25 29 44 73 94 99 93 14 75 28 1 42 
57 8 87 95 75 48 82 10 69 94 32 75 11 1 42 13 76 89 44 46 53 68 27 5 46 36 37 81 22 33 80 94 5 85 48 86 87 64 100 76 16 98 78 58 98 38 47 92 18 86 54 68 4 45 21 22 87 81 50 14 80 58 40 22 26 45 94 91 52 27 15 22 19 9 78 90 67 47 2 23 9 61 33 31 53 42 8 45 37 100 34 37 99 39 70 95 31 68 31 69 
58 89 84 94 91 84 5 38 81 28 81 98 82 57 49 72 58 26 63 49 48 23 9 24 8 48 77 52 19 29 33 86 66 31 17 88 87 25 95 66 80 60 42 99 34 4 75 62 15 61 22 63 28 10 58 58 54 47 43 51 87 19 50 64 35 31 25 66 57 40 3 46 57 58 66 14 17 84 56 57 95 88 89 79 83 8 76 10 71 39 5 49 72 25 79 70 82 84 98 17 
18 82 63 2 30 45 42 82 87 93 25 51 62 21 31 40 100 80 62 72 63 14 38 79 29 100 84 33 58 56 41 57 7 25 92 37 46 23 54 35 67 14 24 41 54 81 94 42 99 77 92 59 47 93 37 24 33 58 94 64 81 92 76 80 62 26 32 58 71 2 70 100 14 35 62 91 98 33 83 52 77 29 61 9 87 59 67 65 71 63 32 86 85 82 5 31 92 42 35 58 
15 32 86 71 89 97 97 37 3 42 80 100 70 42 80 76 49 12 58 43 14 16 39 46 22 49 79 59 67 63 60 11 60 31 16 62 91 42 25 23 80 61 15 2 67 44 2 60 13 13 46 55 70 0 6 60 73 57 87 60 84 48 60 38 35 33 22 69 84 23 43 22 56 44 6 77 80 98 74 36 50 16 92 31 21 78 47 75 17 80 10 74 26 15 91 56 99 57 7 79 
85 85 16 64 50 31 44 82 95 10 40 82 96 31 56 9 100 61 36 63 77 84 5 27 91 7 85 87 37 58 22 32 25 93 77 0 84 8 0 13 65 47 7 12 65 93 33 68 38 90 50 40 37 32 8 46 56 35 11 44 60 55 60 34 73 36 2 2 58 29 77 44 56 47 84 51 6 9 44 47 41 94 67 23 84 70 89 63 45 61 22 93 17 12 70 58 90 79 27 31 
6 43 33 64 7 18 67 15 34 22 5 4 84 82 34 96 98 94 59 9 55 64 54 37 68 87 37 100 70 32 99 66 70 77 67 41 50 11 19 70 89 20 1 14 64 51 33 77 41 33 93 5 0 1 42 88 66 5 9 10 24 82 53 68 67 25 31 79 12 97 14 63 41 37 94 96 50 84 46 11 37 76 25 57 19 22 47 41 5 30 89 32 3 14 41 71 43 95 16 47 
4 57 46 72 56 15 96 75 31 82 24 99 90 55 37 79 29 19 56 19 78 2 32 99 99 86 50 10 28 10 94 36 3 97 26 76 69 20 33 45 66 80 90 90 26 68 26 62 11 61 51 61 27 25 87 3 48 18 81 70 10 51 8 12 14 100 99 67 36 49 28 73 58 34 100 63 90 64 18 75 75 6 29 100 99 28 28 58 95 56 75 51 74 75 41 44 37 56 5 93 
93 57 72 44 76 34 92 89 13 57 89 65 77 34 95 72 78 35 10 91 20 99 41 86 10 96 75 57 18 28 20 17 63 71 6 76 94 50 58 6 30 91 16 96 83 59 27 44 1 33 12 87 76 62 90 98 85 36 27 3 44 19 76 45 45 52 69 60 37 22 72 65 1 71 3 46 41 28 37 43 57 82 65 71 44 10 26 6 45 72 99 86 45 31 40 39 12 70 97 23 
36 48 38 21 86 36 68 93 95 74 93 75 31 17 56 30 44 43 3 20 69 24 39 83 27 82 57 2 95 66 68 32 67 24 89 88 15 6 85 83 57 15 59 98 17 34 13 88 15 89 44 16 18 85 48 69 64 21 18 15 1 13 16 51 39 47 55 63 70 10 71 10 78 2 68 40 18 60 15 0 34 44 23 18 74 37 18 66 85 26 22 68 53 96 7 30 16 33 91 72 
6 92 8 42 63 76 28 6 76 14 66 27 54 78 2 63 78 99 57 58 9 74 3 12 21 29 99 61 89 14 27 13 61 25 12 79 18 92 13 86 13 24 54 67 84 17 22 5 33 85 88 70 52 1 71 37 97 49 52 91 19 86 51 93 59 20 69 57 22 44 61 23 10 67 8 24 41 5 36 38 12 21 64 59 38 60 76 32 93 28 73 91 42 48 13 84 43 36 49 30 
87 96 10 61 9 73 29 6 99 34 91 97 73 73 100 88 44 13 25 79 29 66 82 66 29 65 9 64 100 3 8 6 21 44 55 77 26 87 19 67 62 72 84 62 33 5 59 61 83 3 100 44 70 34 96 84 58 8 80 52 37 21 61 99 93 86 86 16 39 87 97 36 90 49 68 32 50 66 86 62 29 21 91 74 92 59 49 86 73 91 85 86 91 35 43 78 47 87 5 10 
38 83 38 74 87 57 96 97 92 33 3 2 82 62 58 19 52 80 38 3 4 25 31 24 22 13 70 6 49 20 50 72 32 45 29 61 11 76 28 18 66 40 87 7 3 66 59 8 80 22 69 47 46 9 15 78 96 67 56 61 34 81 88 79 36 35 64 21 52 41 46 78 53 75 81 31 85 2 99 0 72 98 27 51 57 37 53 86 78 65 34 78 71 0 8 86 16 71 66 70 
32 38 47 20 92 50 36 55 77 41 99 100 89 38 89 19 78 90 97 15 60 14 76 51 38 96 95 98 16 91 31 62 27 37 72 86 86 29 79 94 48 95 83 69 77 60 38 31 55 46 63 8 24 82 11 10 98 72 44 42 80 84 20 47 68 18 36 2 73 5 56 48 58 2 83 56 37 28 12 42 67 8 17 41 75 55 84 99 76 71 44 22 28 68 25 58 42 62 29 82 
14 85 22 41 22 25 20 79 21 32 62 12 65 33 40 49 59 39 55 47 74 35 8 14 52 92 54 90 5 77 66 15 15 33 91 75 79 52 17 44 88 45 78 12 83 65 26 87 13 41 100 34 83 89 56 98 83 95 86 39 27 32 59 46 44 8 53 72 48 93 71 73 89 68 75 7 37 32 72 82 81 73 36 2 7 73 48 69 54 6 47 39 34 32 41 33 48 2 68 34 
90 45 64 67 92 70 74 97 44 89 50 8 92 54 98 92 64 49 65 43 88 29 91 97 26 50 58 70 44 49 89 1 4 39 37 85 4 74 94 83 90 27 63 80 36 16 59 75 40 83 19 22 5 95 12 34 94 12 78 95 14 84 70 39 28 47 89 26 36 35 94 58 96 97 86 57 74 72 65 100 27 48 66 75 33 29 51 55 58 33 57 44 17 67 74 0 5 67 85 41 
69 59 97 39 17 65 52 21 13 56 86 30 91 94 17 85 40 4 67 51 84 70 9 64 67 100 90 11 94 32 95 14 3 16 31 51 47 76 9 13 91 21 88 83 93 47 60 62 34 85 4 68 71 33 60 7 20 36 38 30 6 90 68 0 20 2 96 4 2 84 19 24 23 69 29 15 19 71 21 57 65 11 22 11 87 90 99 71 9 12 39 14 52 46 39 25 6 41 79 39 
39 65 61 67 100 22 80 94 87 75 23 67 47 24 87 71 47 70 85 28 5 80 68 81 14 55 37 6 84 87 59 28 68 99 59 42 51 81 49 58 25 48 91 86 0 60 69 96 51 29 13 19 66 88 6 7 58 12 90 87 19 69 67 69 44 11 77 18 8 60 31 85 47 13 74 63 74 11 61 79 68 79 34 57 56 0 44 44 87 38 63 96 12 15 3 36 20 61 94 83 
73 97 82 52 88 41 1 29 29 39 81 91 64 20 48 74 27 47 14 40 26 22 65 64 90 64 77 6 39 36 66 11 12 90 60 91 61 58 11 43 39 6 95 61 2 66 48 50 44 79 68 9 43 88 68 82 81 47 68 67 98 100 77 40 28 79 40 64 40 28 0 50 86 33 31 79 15 75 73 98 85 10 2 60 95 78 1 56 49 91 84 17 67 63 51 48 1 22 75 18 
18 15 38 96 88 37 9 45 6 52 44 25 50 76 72 42 63 45 2 82 86 27 3 69 48 87 2 61 44 25 2 80 18 44 84 6 44 83 32 8 64 52 46 44 73 46 47 95 68 71 16 34 15 66 36 91 95 4 100 28 29 92 1 16 32 72 33 92 96 37 65 38 9 77 82 35 58 77 23 20 70 40 20 9 38 78 12 64 16 25 90 8 3 1 65 85 14 80 14 17 
58 53 51 83 29 71 58 68 90 27 48 67 48 45 66 62 55 50 5 94 53 72 5 62 97 54 35 87 41 20 95 72 31 51 55 13 61 88 80 48 8 0 83 61 98 47 12 6 18 21 37 66 47 11 77 39 53 78 90 91 27 67 50 82 59 21 41 10 11 69 73 43 30 29 4 89 29 46 4 51 16 19 46 11 16 41 21 4 26 40 15 56 88 22 54 24 5 49 4 41 
7 44 36 43 62 77 65 96 58 78 35 19 10 49 61 33 84 75 22 88 62 36 77 13 92 66 66 58 56 24 27 4 17 97 53 26 0 19 1 23 4 86 60 84 34 54 44 66 55 73 1 87 46 75 20 69 61 92 79 43 3 60 9 57 36 6 4 60 66 56 50 46 2 72 47 70 13 4 94 96 79 73 33 93 5 52 83 15 32 42 86 21 33 100 4 25 87 66 34 72 
49 1 21 62 64 93 84 26 57 48 40 95 20 51 73 96 33 5 56 83 37 4 38 31 40 3 78 37 48 22 55 51 29 12 2 30 90 83 43 80 34 7 85 38 43 65 98 85 72 48 24 90 90 52 63 36 27 87 75 61 94 24 3 13 57 83 14 38 73 85 27 70 66 16 71 81 23 98 56 5 92 88 20 54 6 72 74 8 45 39 39 60 39 56 82 90 28 64 53 39 
51 50 39 4 89 29 29 96 99 74 62 17 55 85 64 15 29 76 83 91 0 84 70 0 82 38 14 79 8 37 38 4 31 22 80 55 90 51 34 70 84 18 57 89 3 18 100 69 68 53 13 17 22 4 87 46 1 5 30 64 42 47 63 83 100 3 38 10 3 65 64 2 41 94 81 25 30 28 3 66 4 1 87 35 7 84 93 80 61 21 13 89 50 81 78 49 26 62 18 87 
77 70 11 52 61 92 51 0 100 37 83 6 44 19 16 44 23 72 83 78 65 82 73 59 23 30 82 88 13 67 59 27 92 41 89 31 76 45 15 14 78 30 44 100 31 0 9 13 12 13 34 11 9 92 27 33 40 98 27 72 45 21 51 92 45 47 22 55 82 92 16 44 72 26 6 70 63 61 35 2 2 3 17 34 63 94 53 92 58 39 78 31 7 88 32 75 36 50 48 68 
61 71 16 44 74 32 62 100 54 84 29 10 21 39 73 40 13 9 27 0 38 77 54 71 99 53 82 63 56 63 36 80 42 13 5 17 78 70 11 74 67 36 73 45 77 73 88 56 18 21 73 9 89 28 17 13 29 13 62 85 27 65 3 90 7 21 20 71 77 78 76 33 19 31 85 31 18 3 28 92 67 63 75 31 72 92 63 97 17 60 68 63 59 34 31 97 1 4 45 21 
46 78 39 100 71 62 13 31 42 48 35 39 25 89 62 69 40 88 100 8 59 19 55 36 51 5 94 10 100 29 85 87 36 82 90 9 14 22 36 39 4 77 87 8 67 71 9 91 7 28 15 11 61 8 41 52 24 35 14 81 73 89 57 92 99 91 57 69 16 26 72 42 33 76 40 8 19 50 27 21 88 90 0 80 91 95 18 95 7 38 87 45 86 94 94 95 68 73 10 63 
83 78 38 62 53 5 56 27 98 5 63 99 49 30 26 60 26 28 82 63 21 71 2 82 87 66 48 29 20 48 32 6 45 70 25 83 78 76 21 47 98 41 10 63 53 79 68 22 84 78 16 58 45 83 2 15 69 70 50 66 49 26 29 62 6 19 35 29 0 23 47 52 8 98 28 15 45 34 78 35 76 55 34 60 54 30 46 70 17 25 72 50 79 37 77 52 69 95 58 70 
63 95 51 83 43 69 29 23 97 38 8 92 26 0 82 62 39 55 78 94 10 61 38 30 8 96 39 21 52 85 74 32 97 78 63 61 4 22 66 14 86 94 8 59 34 72 67 77 87 23 36 30 80 80 67 42 50 17 62 46 67 13 38 6 99 75 29 76 64 95 72 61 17 33 100 12 14 45 1 1 48 100 70 97 58 97 76 80 42 40 92 10 15 46 5 49 54 46 48 6 
58 95 43 96 66 1 74 55 97 83 40 27 34 63 58 17 13 78 85 88 18 27 83 90 83 52 90 27 79 54 94 0 89 32 11 48 30 23 95 22 66 92 35 73 84 11 9 64 22 8 0 48 56 99 48 70 86 47 78 45 75 45 54 91 58 2 19 70 18 21 40 91 71 96 0 82 41 26 51 35 93 70 43 40 41 15 17 65 52 49 64 94 83 69 71 89 31 44 15 61 
80 52 6 49 67 25 34 43 43 10 7 96 39 52 25 16 30 77 53 91 69 13 56 70 97 72 37 92 10 46 31 85 57 70 93 33 61 59 79 27 26 33 41 35 66 64 3 34 18 38 18 3 25 25 89 7 9 1 69 73 34 57 16 48 41 3 85 22 57 63 13 12 16 93 52 37 34 6 87 93 67 28 33 11 18 14 15 8 10 39 51 41 31 82 73 42 48 76 37 41 
78 86 66 70 38 74 92 53 93 47 54 15 88 46 3 2 4 5 81 61 78 39 74 44 55 35 65 92 58 42 1 27 34 87 1 39 61 46 44 97 97 16 35 66 91 22 29 48 46 75 32 77 37 29 77 52 50 81 90 18 68 16 47 20 95 99 56 11 54 58 72 50 61 100 34 98 71 60 90 79 86 33 56 2 13 67 14 4 21 73 100 83 66 20 38 47 100 40 84 100 
54 77 69 56 9 77 49 45 29 74 65 33 96 23 59 13 22 6 0 21 87 75 96 93 50 36 59 86 35 6 35 73 11 96 62 84 32 51 70 86 33 97 40 4 57 44 77 86 55 80 10 65 30 80 87 25 81 65 24 55 26 60 77 37 93 22 14 27 94 18 65 73 81 98 14 24 94 64 73 72 24 99 71 47 2 89 75 24 35 25 30 49 89 6 17 62 6 62 10 38 
61 10 33 75 84 5 20 78 75 67 71 70 48 36 66 20 57 12 11 18 56 0 39 67 58 100 75 48 84 63 100 69 89 81 68 40 49 72 38 67 97 68 0 95 14 97 48 96 55 44 74 6 94 65 31 16 7 16 95 99 100 17 93 12 100 43 98 26 100 89 95 44 53 9 13 6 22 30 82 18 60 19 80 61 65 63 17 26 35 48 39 18 35 69 83 33 20 54 83 33 
84 26 26 16 17 62 33 81 100 89 40 1 82 88 100 43 60 47 34 1 36 98 13 53 31 16 64 25 18 91 9 5 66 11 67 82 45 93 24 49 90 42 16 20 68 87 2 2 13 63 73 34 76 29 76 75 62 11 32 26 94 53 85 46 55 44 89 91 91 53 86 8 44 58 72 2 20 65 48 55 36 92 15 25 61 69 81 42 90 86 59 86 92 44 34 20 88 87 48 55 
70 39 39 37 26 85 26 86 68 60 62 3 77 6 59 72 78 43 73 76 46 91 99 3 85 32 92 72 17 58 66 9 7 65 68 62 65 68 68 29 80 51 47 44 23 91 95 7 30 33 46 18 18 17 29 70 91 11 37 69 47 34 64 45 56 2 40 68 29 55 88 46 2 24 17 0 57 54 67 28 11 69 54 92 15 68 11 26 52 41 20 85 24 31 83 52 58 70 0 93 
82 56 35 93 90 9 22 4 23 73 48 86 27 1 11 51 86 84 32 41 79 45 49 33 19 89 25 15 51 54 7 1 97 14 70 71 93 37 52 55 62 60 87 61 80 6 66 11 17 38 9 88 22 44 44 36 47 15 90 90 83 69 24 27 99 7 0 17 18 6 5 98 42 40 22 47 13 12 5 28 7 56 44 87 20 17 54 69 0 28 40 63 34 43 52 77 64 2 13 92 
30 79 56 13 2 58 83 20 91 93 89 75 97 91 93 94 79 39 65 22 24 72 32 35 67 46 27 38 27 47 0 56 66 86 95 68 23 20 82 45 80 16 58 69 42 98 21 24 75 35 81 57 26 62 4 77 2 83 15 66 41 52 53 60 79 19 17 8 52 98 24 55 62 93 93 51 67 77 25 1 9 41 93 40 54 14 94 67 50 94 69 22 93 84 77 58 64 21 69 73 
53 2 85 4 18 32 79 10 5 10 75 11 74 66 27 72 67 6 15 13 96 76 82 50 5 79 49 3 40 51 73 69 0 36 14 16 26 93 77 33 39 1 81 87 33 99 56 22 34 24 36 25 75 75 66 89 7 16 31 94 96 17 61 3 23 69 75 7 79 25 66 20 25 70 21 29 85 83 71 2 82 18 69 16 16 2 81 73 51 84 81 17 16 93 85 100 22 4 59 93 
20 15 9 35 34 98 30 77 42 59 17 50 70 47 4 60 41 56 74 96 89 87 48 44 60 66 23 6 94 18 23 8 31 60 90 61 21 75 86 54 1 41 20 6 52 55 21 69 3 12 16 17 5 17 100 96 23 32 48 19 47 62 36 100 10 8 2 15 4 79 42 11 0 10 51 0 54 65 64 96 38 62 86 51 58 39 61 43 87 40 65 74 39 62 2 47 96 71 31 54 
62 85 58 34 98 82 68 62 95 36 32 2 5 35 46 19 0 21 92 82 31 90 76 18 11 14 52 33 5 86 7 53 65 41 46 54 5 90 41 27 57 84 81 61 63 59 33 24 14 6 11 89 67 70 87 45 84 64 77 66 6 88 84 98 36 79 29 22 99 62 16 18 22 72 39 47 86 72 46 61 31 61 80 20 81 54 86 81 38 40 67 81 47 55 12 3 51 79 87 93 
51 37 51 21 13 18 88 92 16 77 7 4 14 55 94 71 45 93 61 94 31 69 8 2 44 95 24 65 90 61 20 74 68 12 12 27 32 92 69 92 9 77 44 16 13 13 25 29 18 89 46 72 64 25 66 55 78 3 85 19 48 93 97 89 9 46 93 53 37 77 68 86 76 42 78 54 83 13 30 54 8 4 7 46 57 76 19 40 70 4 34 31 55 96 47 97 63 32 9 25 
66 94 55 17 80 58 89 75 30 92 59 16 19 14 19 77 23 19 50 68 29 32 14 97 4 84 99 12 80 72 75 70 26 90 73 25 86 93 11 4 66 28 40 65 20 88 12 38 93 16 61 40 10 28 23 82 53 36 29 49 83 71 23 63 49 0 21 16 12 59 7 61 58 19 73 45 3 45 72 79 27 67 39 35 8 48 9 49 28 51 79 20 5 42 26 84 29 62 48 59 
56 94 57 78 64 2 70 41 2 28 60 70 87 77 55 14 7 91 76 24 59 12 64 10 26 6 11 84 62 82 20 20 65 100 71 40 36 41 8 88 89 54 28 63 19 12 19 53 53 79 0 87 55 41 27 54 52 100 98 100 67 40 32 22 19 6 23 1 21 84 89 83 89 82 20 40 82 79 99 25 6 50 48 41 67 69 52 82 21 77 51 80 86 38 39 78 93 53 24 48 
42 60 62 59 41 91 70 5 67 29 77 61 100 17 72 92 62 96 77 0 28 21 58 55 78 30 30 50 98 67 91 19 17 1 58 28 86 71 96 60 56 79 64 69 75 19 60 73 85 80 57 5 84 99 23 30 20 92 10 13 15 64 1 35 44 96 28 48 32 64 73 51 67 53 16 81 96 58 10 75 24 40 23 64 34 88 100 64 2 16 79 71 38 58 34 61 28 84 70 86 
65 52 92 52 79 73 96 44 83 0 70 17 98 82 99 55 81 16 52 91 64 21 44 88 7 23 18 23 11 98 10 6 100 5 95 53 75 83 94 83 8 72 43 18 82 21 41 43 51 52 97 79 8 60 32 46 46 35 80 67 20 12 13 2 93 10 76 74 33 37 8 86 85 100 89 18 82 31 25 16 62 31 68 46 55 17 29 41 64 32 3 24 45 72 46 3 77 80 51 84 
13 54 21 56 28 39 11 5 97 70 41 69 22 33 66 31 17 63 42 71 39 32 76 60 0 22 1 12 32 44 3 36 36 23 82 73 16 55 7 95 54 6 73 56 32 43 97 75 12 93 52 93 45 42 82 90 69 52 24 5 61 17 29 52 61 12 24 28 51 62 88 72 86 57 42 35 78 72 55 26 22 48 97 91 13 91 77 13 78 69 32 32 91 8 32 65 79 26 75 76 
58 70 15 43 89 96 85 100 34 25 17 52 19 94 21 65 77 23 36 12 95 30 62 12 67 20 21 74 19 3 23 10 47 3 28 71 85 24 8 85 4 70 91 1 48 29 4 61 98 42 14 31 1 29 35 25 84 43 39 69 63 9 15 60 5 61 34 48 96 19 81 22 4 85 40 98 0 34 33 88 56 63 89 47 26 31 21 5 29 79 30 17 30 54 21 93 30 64 95 58 
92 43 29 37 2 51 77 31 44 96 87 68 49 65 11 74 20 78 83 94 88 65 89 46 1 15 96 17 92 60 75 44 44 42 7 77 61 10 38 98 88 75 76 57 30 96 33 49 88 55 54 43 30 11 34 62 65 19 31 39 93 4 19 59 99 93 31 63 97 6 19 75 32 57 75 92 79 27 82 8 93 47 34 8 12 9 67 68 56 70 69 71 81 80 9 64 50 45 78 14 
94 1 69 99 88 3 74 64 55 2 37 99 1 31 36 12 20 32 97 22 83 5 68 72 47 55 86 44 77 71 97 60 31 26 31 34 85 22 74 4 49 47 49 8 96 51 53 34 62 11 0 69 83 16 35 53 55 99 64 92 84 26 51 16 90 92 60 1 52 14 79 33 71 59 28 9 8 8 59 80 86 96 38 83 0 78 97 62 52 37 89 39 19 92 59 36 38 98 21 78 
42 3 86 20 66 48 59 82 5 98 88 15 18 68 24 82 92 44 99 88 69 13 29 76 45 22 99 43 66 51 67 61 20 93 82 90 31 34 74 88 24 17 26 89 36 22 64 68 18 42 67 92 51 3 52 100 27 50 12 18 30 96 65 85 41 92 40 97 1 4 35 37 85 19 91 34 90 4 60 80 36 90 67 73 17 58 39 94 2 13 82 79 33 80 8 12 23 33 45 77 
60 11 91 51 27 71 30 69 30 24 0 30 62 51 40 18 92 54 18 100 30 64 69 32 10 71 1 98 92 62 35 53 45 54 68 5 15 30 94 3 83 9 38 61 53 0 0 55 32 86 63 79 67 8 100 32 1 64 35 53 95 65 71 0 80 88 67 63 81 24 30 100 75 87 72 31 11 8 20 43 25 32 78 94 29 89 3 66 70 100 59 60 40 46 44 80 37 33 23 64 
21 91 91 57 86 20 32 80 85 4 79 5 100 65 27 30 46 21 75 38 1 96 32 56 14 89 50 83 6 3 90 63 6 77 86 32 57 67 52 13 9 9 79 81 95 23 22 89 91 16 26 4 1 24 51 73 12 9 82 93 41 88 72 88 27 95 52 43 16 92 8 3 84 54 70 85 51 68 51 57 77 33 5 67 9 45 12 99 33 97 93 41 26 54 56 89 25 89 82 93 
76 100 10 70 57 11 44 84 85 41 4 91 18 6 0 45 37 0 90 71 87 26 97 24 93 95 61 7 42 39 100 67 51 3 89 2 1 70 46 86 42 58 27 61 97 13 28 85 17 17 50 33 38 7 42 83 41 37 56 11 39 88 92 44 72 96 38 38 67 85 24 64 62 31 31 85 12 57 88 34 25 36 99 95 21 16 14 21 86 9 47 98 43 35 88 7 32 89 25 44 
91 84 88 36 3 55 58 70 57 64 78 9 81 17 57 29 76 48 26 28 16 76 53 74 28 75 82 100 79 13 21 66 23 77 77 9 14 69 40 47 92 91 33 69 38 7 16 52 97 14 30 98 92 12 48 20 48 27 40 71 49 28 54 56 59 15 80 10 75 3 36 51 8 8 4 75 60 0 47 32 72 32 26 12 94 97 0 3 98 10 49 76 24 82 20 57 4 22 26 37 
27 44 85 13 33 19 45 2 21 29 10 42 32 65 4 23 51 95 4 71 89 3 21 92 93 86 44 72 94 91 30 35 83 41 79 71 13 31 23 65 95 56 2 16 58 0 30 52 3 31 7 43 41 24 28 10 84 88 23 45 46 8 93 50 33 74 84 75 90 100 58 67 84 97 6 41 73 94 98 2 58 73 78 48 1 100 68 8 40 79 42 48 15 31 46 7 4 29 91 80 
34 28 46 98 59 0 3 37 6 98 95 1 44 85 36 29 61 64 95 95 97 79 32 93 62 66 2 76 17 35 82 6 32 97 23 35 18 28 42 24 73 83 66 82 43 83 53 50 39 88 27 84 42 43 71 97 81 75 19 33 75 98 88 84 14 18 43 53 77 8 72 47 38 29 62 88 25 7 39 24 49 18 18 92 24 27 61 37 57 9 88 42 36 94 95 57 26 89 28 28 
36 99 12 16 92 57 69 47 18 34 79 38 88 71 6 75 3 59 68 65 20 67 49 100 98 25 81 52 32 37 46 56 33 56 39 56 36 85 3 10 16 43 80 34 71 52 70 34 86 51 95 53 91 47 71 48 51 50 47 15 87 26 64 12 65 26 92 92 1 9 76 45 95 92 47 29 24 90 66 33 51 87 96 54 91 30 92 17 99 56 95 92 71 80 26 25 21 32 29 31 
100 23 60 86 49 95 10 85 69 36 58 98 66 19 32 42 42 40 89 24 34 82 91 81 35 8 55 87 10 2 82 81 38 93 7 53 49 89 45 9 38 65 36 54 28 47 92 5 38 8 29 50 5 50 45 31 61 57 62 69 37 25 29 96 60 35 0 97 80 77 71 13 21 85 50 93 36 40 0 12 94 32 53 40 64 7 6 42 8 75 43 86 83 73 5 7 67 64 95 76 
77 15 45 69 87 5 56 84 68 87 65 1 24 61 16 16 85 18 75 67 57 29 87 3 38 41 100 99 41 48 28 30 29 1 59 88 87 40 38 18 53 29 29 88 43 47 62 7 76 11 54 17 22 80 29 76 15 44 47 11 22 93 32 59 30 99 54 73 31 29 91 27 1 67 97 15 2 91 89 2 78 65 58 89 10 91 14 52 24 84 47 78 41 84 59 34 38 42 27 7 
86 25 5 89 24 72 23 8 45 93 76 51 2 65 75 7 41 37 33 83 71 10 19 8 81 18 2 45 42 91 70 31 35 84 44 63 80 11 10 0 60 95 94 96 38 20 32 26 62 24 82 94 36 80 27 4 12 28 2 40 14 84 73 84 24 50 53 68 8 97 4 69 42 95 0 83 93 60 85 67 64 26 85 54 35 69 95 97 82 6 16 27 96 30 31 64 43 8 67 78 
87 58 33 84 80 71 70 35 13 93 45 94 52 44 19 22 40 27 68 33 81 97 66 84 61 72 80 17 72 54 39 29 16 84 2 58 72 81 18 81 70 89 79 52 58 58 50 17 29 54 44 37 45 57 28 11 91 43 5 3 67 69 0 45 23 0 23 90 44 62 44 85 93 42 25 74 45 56 61 16 62 97 20 63 9 66 86 35 64 3 97 76 28 100 50 25 43 4 34 29 
88 28 26 92 8 10 22 59 1 18 9 86 28 89 95 60 38 98 100 71 16 49 79 16 44 94 34 77 29 95 74 100 97 14 58 69 15 75 37 48 83 83 39 42 95 9 78 1 65 72 58 85 56 97 9 59 81 51 8 55 99 18 67 98 99 56 51 45 55 28 42 65 53 71 32 16 33 4 39 8 10 13 22 76 33 45 74 65 93 44 58 8 11 12 53 64 16 88 2 11 
92 41 10 91 84 21 73 31 22 37 82 31 38 84 36 88 70 55 52 80 6 76 83 95 89 29 71 65 42 71 88 57 33 18 5 35 27 42 32 42 27 10 16 79 62 8 94 49 60 67 89 80 12 57 61 1 54 13 0 0 17 99 66 55 44 62 90 76 89 29 91 96 71 17 24 79 61 22 21 95 91 71 11 74 52 37 79 90 92 79 15 68 48 82 16 4 14 54 8 77 
34 2 42 18 73 9 26 94 81 7 39 20 29 10 32 56 64 91 31 5 93 80 44 81 20 63 64 85 18 59 16 28 77 45 29 75 80 35 54 32 35 93 3 22 47 94 29 93 34 76 54 44 48 72 77 56 83 83 13 7 9 68 74 93 83 4 60 23 67 83 38 10 26 26 28 62 16 55 68 53 2 29 58 40 43 8 90 50 90 65 25 63 83 24 34 75 23 2 76 12 
66 10 9 71 2 8 49 9 16 37 73 10 19 20 6 0 49 38 49 11 71 20 41 69 86 80 16 97 45 93 53 56 57 55 93 74 69 14 37 98 17 78 50 11 17 38 10 27 87 31 9 70 100 69 43 100 63 87 58 79 3 37 75 39 24 55 1 88 3 61 17 93 47 32 8 57 68 49 90 2 10 48 47 95 8 43 0 75 75 5 78 78 99 46 59 90 27 72 45 79 
49 38 75 25 54 99 20 10 22 68 32 95 94 52 70 18 0 80 7 55 51 47 9 77 44 42 42 71 66 35 17 72 97 33 86 46 17 46 20 91 91 78 76 25 45 48 72 89 75 48 4 47 33 47 27 47 83 29 41 28 51 34 73 9 49 95 97 22 67 68 71 39 92 69 32 28 69 84 83 14 40 1 39 76 42 41 97 35 52 71 88 49 9 16 81 94 49 65 29 71 
32 95 23 30 9 10 72 22 92 74 68 78 28 9 5 89 65 1 0 19 30 92 3 8 59 67 44 81 46 6 66 11 9 89 2 6 9 69 13 27 84 53 83 35 91 69 99 91 48 52 14 20 76 53 70 80 64 64 74 42 96 98 25 86 0 24 71 63 32 51 98 46 29 33 11 3 20 69 76 17 32 27 18 36 80 23 24 24 13 48 22 15 80 49 7 40 13 31 61 50 
34 25 51 76 11 90 29 17 78 70 31 64 76 16 45 16 19 82 17 82 48 67 33 46 18 14 51 52 2 35 51 13 67 90 54 49 70 99 66 91 4 23 47 11 66 80 10 88 86 10 44 65 86 17 50 1 54 84 80 19 92 58 62 32 22 3 77 30 15 84 39 44 54 49 73 44 82 25 60 62 27 39 4 28 2 39 34 69 70 66 1 42 60 49 20 52 40 33 65 3 
54 69 21 10 66 4 29 26 77 80 22 6 89 20 93 59 79 84 15 13 27 34 36 67 93 77 97 66 90 66 15 10 88 48 69 2 57 13 15 25 14 23 72 50 68 94 44 13 92 50 3 14 75 53 23 63 70 61 46 25 87 48 85 23 60 46 43 85 33 14 11 82 63 12 75 58 42 42 37 3 94 45 80 89 22 89 85 41 52 70 74 99 19 19 74 97 62 88 34 52 
76 50 5 46 60 29 86 68 48 82 53 24 65 26 72 82 4 28 38 11 29 84 61 36 50 33 13 25 60 23 99 87 44 39 15 22 22 50 71 61 34 26 41 64 94 42 54 69 100 59 21 96 86 82 34 61 99 62 64 69 69 91 23 76 8 40 77 37 3 46 83 57 25 13 58 20 94 62 79 0 44 91 26 39 76 2 100 27 87 80 14 100 80 32 14 53 80 95 39 57 
43 100 17 57 52 96 52 50 46 24 43 79 54 13 60 100 62 70 63 56 42 1 60 16 72 16 22 26 29 57 35 25 94 32 81 80 25 85 82 95 74 78 31 14 56 36 77 11 4 28 38 69 48 92 78 52 77 57 33 18 6 46 15 73 6 38 29 11 51 87 89 56 76 30 14 55 37 79 11 33 4 56 94 3 45 57 65 41 90 97 8 65 19 47 68 92 68 75 44 33 
36 5 10 50 47 81 29 8 55 58 8 90 55 50 32 17 64 21 31 43 29 18 17 14 93 37 69 94 88 53 62 34 0 4 12 55 25 33 13 34 50 49 13 5 77 54 1 66 45 85 67 67 58 44 96 81 5 17 100 16 61 67 25 81 97 81 0 32 29 53 53 31 6 7 60 29 19 74 68 29 40 100 99 32 19 11 97 99 69 42 13 66 71 69 25 80 52 26 53 84 
78 23 19 77 61 82 61 96 59 32 78 85 30 16 34 40 56 1 93 96 63 94 89 62 20 63 71 56 1 23 49 38 18 38 15 30 30 95 62 59 100 50 44 38 9 76 48 58 41 5 76 78 67 79 83 71 25 35 45 87 60 91 53 56 8 83 41 89 97 64 24 96 16 41 90 36 48 41 11 72 96 39 95 26 88 44 61 25 37 70 26 46 51 0 88 56 39 57 10 48 
36 77 24 76 85 65 1 100 88 86 8 74 12 9 49 45 36 4 95 85 82 31 24 87 33 78 48 94 80 62 0 6 2 9 55 34 72 14 25 61 66 79 22 7 80 60 81 31 67 2 2 37 30 92 4 28 70 42 23 16 94 67 32 38 25 55 35 87 61 52 75 60 61 67 43 10 9 6 96 33 83 94 73 27 51 24 92 33 38 77 1 34 84 61 26 74 44 13 2 73 
94 57 39 54 98 57 53 91 37 64 60 79 20 20 11 26 69 9 28 38 65 78 72 74 90 71 90 57 93 0 79 86 30 50 40 8 92 45 94 22 94 18 82 7 55 32 96 85 43 57 68 69 65 68 31 7 99 57 9 3 87 25 51 83 37 29 48 30 84 11 29 11 64 73 85 57 42 83 26 2 5 41 11 66 24 1 39 86 4 5 29 80 49 90 21 53 97 36 74 71 
10 1 20 5 33 23 78 33 76 78 93 52 49 27 17 62 21 26 67 7 74 73 3 59 91 89 45 41 78 42 53 30 96 43 8 83 20 98 50 13 28 60 61 22 44 60 18 70 69 21 83 6 81 84 18 32 53 48 20 99 73 80 40 47 45 76 21 71 89 46 75 78 10 85 5 28 3 46 72 38 4 13 15 57 53 94 19 42 57 35 6 16 3 94 43 3 33 67 61 28 
27 43 65 78 13 6 21 3 50 85 32 66 50 15 10 85 69 46 66 49 6 65 84 84 16 40 54 41 46 84 34 9 86 75 55 97 86 89 82 61 33 66 60 9 84 51 64 16 34 50 16 79 3 27 50 67 87 26 58 43 4 39 91 28 4 35 37 59 94 37 26 66 97 52 25 46 14 19 9 27 20 90 96 45 97 57 44 54 3 85 74 32 52 46 36 92 13 51 36 49 
96 48 24 26 53 80 85 11 95 79 53 3 9 21 16 33 62 5 82 47 9 60 60 27 83 100 24 78 19 48 93 74 47 72 93 22 55 61 11 62 58 17 31 20 51 3 20 75 79 94 15 63 31 48 33 62 30 83 45 77 60 82 73 12 15 83 1 52 17 46 100 13 78 55 2 52 10 83 44 98 35 19 70 48 78 23 77 66 46 51 79 36 2 40 91 56 23 51 0 35 
24 84 9 82 9 34 81 68 47 40 36 20 8 65 71 49 29 63 51 36 71 77 57 4 1 74 65 80 81 31 80 95 3 52 51 14 53 35 62 23 28 88 70 46 88 96 39 39 94 40 80 19 26 24 89 9 15 16 33 95 51 28 98 30 15 32 70 46 86 13 19 70 65 46 21 54 90 2 72 19 66 78 82 57 55 95 92 67 28 45 47 51 14 83 84 30 64 9 48 18 
13 72 18 60 48 32 54 82 41 44 95 17 18 17 6 29 23 95 99 4 9 7 48 40 13 54 46 32 68 60 23 98 88 32 55 25 16 52 87 43 21 66 96 87 85 47 81 24 22 23 84 37 58 2 86 45 79 74 53 86 69 97 5 89 82 7 93 19 42 20 78 67 74 22 30 68 90 89 69 24 60 93 55 16 44 54 65 80 90 17 36 20 54 42 46 92 37 36 28 46 
18 19 2 33 8 33 98 53 67 78 81 61 0 80 53 83 83 85 28 3 41 100 55 69 49 49 8 85 68 24 10 12 61 53 92 1 67 15 8 73 56 56 54 15 19 44 79 73 51 32 83 84 97 100 9 62 95 16 22 34 84 35 17 51 75 51 44 8 91 27 0 56 21 97 94 16 15 12 93 47 0 90 23 1 9 77 16 56 78 91 30 15 49 80 19 72 98 19 77 92 
62 4 60 90 69 100 79 28 62 43 65 57 99 42 36 15 70 58 30 74 42 23 43 95 36 2 59 30 60 40 26 95 48 97 94 82 78 31 1 87 5 66 44 79 29 60 84 95 67 47 34 20 35 71 90 73 36 82 97 36 18 20 32 27 56 13 62 55 56 38 70 69 6 46 36 63 44 39 18 8 64 88 2 54 32 61 76 11 28 31 84 21 21 81 39 93 44 18 26 34 
94 42 14 95 99 60 96 83 85 34 26 47 50 98 9 57 97 66 59 56 51 65 25 38 4 51 88 5 77 83 88 84 41 97 10 28 16 54 26 64 67 0 91 27 84 2 53 39 59 86 18 78 70 9 42 94 30 22 19 4 91 15 10 22 48 76 83 41 93 47 54 78 5 71 57 6 21 99 84 78 69 68 71 42 18 22 84 0 90 41 81 90 6 14 100 55 13 18 53 71 
98 79 84 60 32 54 64 76 84 78 73 58 51 68 83 12 56 46 69 4 45 82 31 36 94 38 89 91 67 68 11 82 61 34 83 74 15 63 83 76 95 37 82 89 25 70 37 31 23 12 88 11 89 33 15 62 51 3 11 34 33 70 51 26 93 59 76 87 20 9 15 30 50 33 0 85 86 77 48 83 6 76 71 2 15 44 58 68 25 3 81 4 96 70 53 9 74 10 68 46 
45 74 69 7 45 51 93 36 56 69 24 65 25 90 49 63 45 18 85 37 18 15 21 47 2 62 71 38 77 79 50 55 95 71 83 69 3 17 84 94 75 16 28 73 43 56 24 20 81 68 51 59 68 57 16 9 45 98 27 64 60 47 90 17 56 32 22 45 92 14 100 14 77 14 96 54 31 91 72 86 13 40 64 0 57 8 74 77 6 4 13 8 29 73 38 63 99 53 7 1 
68 61 98 11 13 49 68 88 72 26 60 41 44 33 54 45 66 45 62 1 91 2 61 43 21 97 47 95 6 72 59 85 15 72 88 23 58 4 81 91 72 55 74 34 82 66 18 95 49 60 62 85 5 12 19 62 35 0 8 13 69 79 23 59 4 86 27 53 62 70 34 53 28 52 47 14 92 52 74 54 84 99 40 45 13 75 48 25 90 68 1 37 74 33 6 76 26 59 30 16 
33 22 3 48 41 67 63 59 95 22 7 33 73 49 25 75 7 30 65 27 72 8 28 44 72 65 16 30 39 8 13 58 6 46 25 36 3 95 99 44 76 95 48 54 36 98 64 64 12 43 37 0 86 19 90 78 23 81 53 9 2 28 63 54 92 35 92 33 48 39 19 20 10 22 31 93 92 75 56 11 23 14 54 75 99 56 94 61 1 52 65 46 9 75 10 96 18 12 9 79 
27 43 67 35 35 51 97 41 68 69 41 56 93 85 14 72 48 13 6 78 39 45 77 53 37 60 61 71 58 91 87 47 5 75 4 81 15 10 4 20 100 48 99 11 73 11 9 0 72 20 4 67 24 26 3 34 81 45 36 48 47 34 57 56 43 14 9 0 9 45 47 28 68 76 18 11 60 97 95 44 57 4 100 52 68 41 81 47 43 16 92 46 75 60 99 79 77 23 87 99 
67 42 72 65 23 15 65 36 80 76 17 59 37 71 72 85 92 3 79 58 59 15 33 53 10 17 72 74 11 95 97 57 1 73 99 59 66 12 52 69 26 45 26 52 87 65 83 32 27 37 91 28 80 89 94 57 27 100 62 81 52 51 74 23 10 64 65 29 69 43 52 43 97 3 17 76 59 99 58 31 45 88 54 78 39 78 21 36 99 94 6 74 88 71 62 19 83 43 91 96 
1 6 42 51 38 72 45 46 87 60 88 82 46 54 92 23 5 87 53 50 1 19 100 89 14 87 83 83 85 100 40 94 71 7 21 22 86 28 7 36 61 81 1 44 44 61 2 99 46 49 90 58 13 14 80 3 14 53 38 89 94 87 14 84 19 65 71 12 12 94 96 72 31 26 77 52 80 85 84 2 11 63 47 79 34 80 5 67 47 37 29 92 18 73 57 59 79 39 23 82 
0 97 30 7 17 23 83 79 31 12 1 83 45 67 12 86 14 53 32 56 52 70 52 87 36 47 74 57 27 53 81 80 3 39 59 53 25 26 79 6 37 57 71 26 75 67 75 99 43 56 8 59 80 5 43 92 37 47 52 22 48 46 83 93 18 95 60 42 41 56 11 100 98 22 66 16 36 60 92 24 73 67 43 33 83 25 18 52 57 94 8 19 40 49 23 88 69 7 23 73 
39 61 63 44 78 90 86 86 82 21 96 74 30 97 85 0 59 71 88 51 41 47 18 6 41 41 66 74 73 36 17 84 37 83 49 35 96 100 11 69 99 61 15 73 72 57 1 98 50 94 66 14 49 17 63 78 16 89 90 88 14 96 100 53 15 80 13 25 35 52 17 14 83 87 11 91 91 34 59 58 7 82 74 7 94 87 18 75 28 49 28 94 29 81 87 0 41 17 80 27 
86 66 36 31 6 82 31 42 3 25 31 73 0 22 48 88 97 94 78 84 88 23 4 19 97 55 58 3 96 6 86 92 88 72 51 18 78 85 34 56 20 6 88 92 52 84 93 25 3 66 24 3 67 6 52 3 50 88 35 75 98 13 21 39 35 94 4 22 69 8 39 66 70 40 56 43 3 66 7 56 29 23 61 39 67 62 56 12 12 80 36 61 46 58 10 57 6 69 8 70 
40 52 82 70 61 4 66 92 54 70 91 39 69 97 70 80 61 59 13 98 34 26 86 0 52 73 5 75 36 10 14 25 61 46 29 64 51 72 55 23 4 61 46 93 94 0 98 72 75 21 49 14 47 90 59 64 38 44 1 96 42 66 70 11 46 77 41 25 32 80 13 26 72 74 3 40 10 56 8 3 94 20 90 9 87 3 70 97 62 37 94 74 54 93 40 79 69 17 76 61 
95 40 9 96 74 91 65 3 17 76 22 11 75 6 42 26 69 92 20 5 75 79 56 26 62 3 49 30 88 4 12 36 22 3 16 91 24 29 81 68 9 34 29 36 6 69 47 79 86 3 92 35 19 19 35 71 32 27 9 39 98 67 5 47 15 65 33 5 59 62 61 55 81 38 27 100 19 48 75 87 27 3 86 5 66 66 76 90 77 20 0 21 67 23 98 98 62 2 76 42 
47 45 3 20 47 63 84 99 85 30 45 61 32 1 7 83 6 73 96 15 81 64 95 76 37 19 8 74 62 91 89 72 78 20 38 17 71 93 4 43 18 86 43 81 83 0 31 63 80 56 29 32 61 8 67 82 90 9 95 92 97 55 81 85 67 98 3 40 45 89 93 92 93 26 86 52 23 14 71 84 70 52 98 77 81 71 4 78 22 45 30 78 44 31 40 87 66 29 95 98 
