100 100
16 61 56 19 80 47 5 95 70 28 12 38 77 29 63 50 3 22 57 93 85 84 92 47 14 5 6 45 4 82 31 95 68 74 52 0 44 61 52 51 81 6 51 59 15 13 75 70 58 55 12 58 15 82 21 45 48 25 92 44 20 71 1 23 14 16 25 69 76 63 63 69 7 65 76 88 82 64 49 14 22 98 79 5 6 25 15 24 18 30 61 37 12 23 15 38 7 84 82 75 
29 5 85 51 44 56 12 61 87 70 34 18 54 32 35 60 76 57 48 12 23 98 50 3 23 53 26 81 1 86 26 43 9 16 26 26 42 64 56 6 97 29 70 87 97 78 55 91 52 94 29 95 10 72 94 78 77 6 64 58 25 16 22 0 15 13 55 42 10 86 56 61 62 29 58 30 73 82 28 100 47 6 100 73 92 22 82 19 74 62 32 95 81 90 52 18 79 57 73 45 
34 86 59 84 40 71 53 70 27 60 87 28 65 6 96 0 55 99 54 50 53 39 25 52 20 92 27 61 45 32 25 16 48 100 36 47 67 92 0 99 91 30 11 33 11 23 26 59 76 94 51 40 86 99 94 36 21 72 82 23 83 89 49 3 32 63 50 3 52 81 17 19 37 33 75 47 23 85 7 90 85 32 56 7 81 32 26 18 1 14 40 8 3 42 23 6 86 28 85 42 
6 66 34 9 56 15 29 12 22 45 65 100 45 41 99 78 92 88 37 13 63 53 36 29 41 77 26 43 63 18 28 36 93 18 32 67 51 26 31 19 80 86 49 92 24 76 59 43 4 94 59 17 23 51 30 41 55 73 64 52 93 3 94 66 24 75 57 57 97 45 78 81 57 0 12 96 60 1 61 21 77 60 80 67 6 67 7 81 22 29 48 68 79 50 11 11 25 42 49 59 
50 17 24 95 79 7 94 89 93 9 27 80 72 41 85 40 92 10 51 57 73 66 88 94 98 100 31 69 30 44 62 29 46 91 36 39 54 51 64 2 63 8 45 49 50 37 39 30 86 68 43 55 67 9 31 82 89 68 39 85 18 40 59 11 62 39 32 45 49 29 80 59 55 72 82 5 7 53 57 35 53 99 7 1 82 37 7 25 36 8 31 19 20 29 59 98 32 47 34 59 
89 6 63 85 48 90 91 65 25 85 7 18 90 59 92 88 20 43 1 54 98 40 5 16 62 86 54 5 87 88 88 61 43 98 68 52 6 64 56 50 46 95 21 95 37 3 37 27 55 88 46 54 21 98 28 65 40 100 40 17 31 96 24 82 80 10 20 36 28 45 56 47 74 19 27 95 49 93 61 99 99 78 92 4 83 88 59 4 41 35 57 76 27 65 85 61 9 36 82 39 
46 60 59 26 60 93 47 34 93 93 38 8 68 45 79 52 68 6 11 39 93 55 28 45 14 52 42 41 27 63 78 92 98 64 1 64 68 56 12 45 38 12 16 66 22 1 43 72 51 89 84 72 14 87 70 74 80 99 29 68 5 59 45 99 3 95 17 68 31 31 41 37 63 51 6 39 59 87 94 100 97 12 56 45 28 73 41 37 92 38 79 24 87 50 81 73 94 73 60 32 
95 84 98 13 53 80 79 98 37 54 2 67 89 85 80 81 7 59 58 87 100 32 5 24 18 15 10 53 43 4 54 60 50 95 40 16 49 73 50 91 69 72 20 19 63 74 84 21 79 95 58 19 65 3 95 11 41 89 38 80 67 4 2 73 1 84 34 58 92 20 100 42 32 88 62 10 9 90 37 0 71 47 21 46 46 38 94 65 61 58 44 22 2 75 80 50 80 51 60 18 
2 100 0 20 94 76 52 35 51 1 22 19 53 41 16 1 96 18 51 96 83 33 82 88 87 66 48 28 92 88 6 72 56 12 86 0 82 24 72 32 48 30 100 33 65 61 91 17 18 83 31 10 58 71 99 90 22 41 8 41 42 60 2 37 80 10 54 85 13 91 62 12 0 44 77 48 58 15 41 84 20 58 75 44 93 18 66 97 26 11 49 64 67 35 15 24 44 36 30 81 
65 62 65 50 89 41 51 24 61 20 42 28 18 4 93 66 44 90 86 40 51 70 33 96 48 12 76 6 73 69 99 15 34 26 54 13 43 30 6 44 26 13 36 64 30 65 9 26 72 66 37 18 54 40 9 1 39 93 33 45 67 46 29 99 64 66 45 41 99 35 49 71 8 38 79 61 27 12 6 73 62 57 66 26 96 68 54 26 53 24 0 93 45 37 51 81 72 72 84 67 
81 87 85 52 12 77 99 93 83 71 5 87 43 63 25 11 68 33 52 60 26 42 42 51 63 84 66 77 15 87 91 87 52 96 60 6 78 43 72 49 37 100 60 15 7 100 88 93 46 50 75 8 89 72 62 65 85 11 67 29 61 20 94 63 71 70 71 32 36 65 15 20 41 55 75 40 71 91 81 98 22 77 38 79 35 11 80 65 76 59 49 63 36 85 46 93 63 43 69 73 
12 58 93 85 59 9 71 77 99 89 7 51 75 49 16 58 23 11 68 74 97 51 97 39 3 65 23 4 59 91 5 28 16 20 33 58 56 23 79 81 78 8 61 19 23 66 100 29 25 29 90 98 5 44 81 2 61 52 65 12 58 6 52 7 15 67 61 44 1 31 39 9 68 76 6 48 8 79 80 37 15 94 58 29 95 73 6 61 35 6 49 69 15 76 76 40 12 56 95 55 
5 3 50 94 34 71 64 47 97 38 0 18 84 7 60 73 87 57 7 19 20 15 0 82 50 38 33 70 14 24 92 69 72 30 19 77 51 38 31 25 68 41 61 75 44 76 34 89 26 56 59 71 29 66 13 52 77 59 46 85 60 27 3 92 33 27 15 44 20 91 2 25 7 20 87 2 14 16 48 31 19 97 57 63 16 7 73 24 4 57 51 33 50 12 82 44 83 60 83 88 
25 40 37 29 98 67 28 95 49 50 85 89 28 87 43 76 97 47 33 48 69 67 90 76 9 47 18 54 1 91 78 63 83 99 79 82 31 51 58 80 97 13 32 65 93 37 74 97 57 92 70 49 40 94 13 78 37 94 94 6 96 22 40 49 15 43 99 10 2 89 70 34 65 72 25 43 6 12 32 39 90 52 59 12 85 77 52 11 79 27 49 51 90 69 26 61 82 28 4 60 
58 66 30 29 72 56 0 44 85 6 34 44 46 85 13 87 20 10 57 40 6 75 72 7 58 42 20 52 97 15 51 28 84 7 35 19 92 40 6 74 6 58 6 17 3 78 64 12 47 90 76 72 84 76 29 93 85 23 6 18 60 39 7 45 72 96 29 5 53 30 87 16 64 94 46 87 13 18 51 64 8 1 40 77 84 96 90 98 34 36 57 24 46 32 69 37 74 56 65 62 
45 96 14 10 98 85 9 7 82 44 61 73 5 79 14 56 81 49 14 8 9 44 61 71 17 0 19 100 84 15 22 13 76 72 10 81 68 78 4 25 70 9 21 28 34 3 86 7 1 5 43 61 68 8 97 50 79 93 13 73 19 34 75 53 49 57 67 64 21 99 20 71 53 80 14 39 21 22 29 70 38 8 11 59 42 87 67 5 76 84 0 36 61 6 98 17 67 6 7 17 
19 94 42 73 34 15 3 97 34 15 73 20 29 33 90 27 46 30 9 76 51 69 55 42 81 21 88 19 51 86 22 11 25 0 22 16 45 16 69 77 52 26 65 10 55 46 26 77 18 23 68 21 3 80 37 30 65 99 38 28 42 76 78 10 51 94 98 59 3 20 33 97 84 68 69 93 38 75 55 87 2 18 89 13 23 49 69 6 69 42 90 39 83 21 21 35 12 83 40 28 
3 21 50 88 32 42 23 96 78 18 61 96 46 33 25 45 26 35 9 23 54 12 9 73 39 14 28 98 13 31 52 12 79 45 47 21 68 15 34 1 66 31 19 64 13 4 87 70 49 79 74 93 31 31 6 44 2 1 85 49 47 25 16 22 52 49 56 11 46 10 3 38 94 44 17 69 72 64 87 58 55 46 78 48 100 83 31 30 47 80 89 50 48 2 31 4 58 6 64 23 
10 73 62 97 86 7 53 39 53 12 41 58 41 97 50 96 58 60 36 85 52 19 76 10 74 49 92 79 13 79 36 29 42 7 77 48 6 59 79 37 90 96 90 27 19 13 56 86 16 78 31 25 88 23 27 68 62 60 98 56 18 94 55 65 67 91 37 40 23 27 34 8 2 18 58 8 2 45 66 29 88 41 100 15 16 23 53 38 88 79 92 82 14 48 98 49 86 30 64 66 
23 100 86 2 38 54 3 2 23 9 7 60 12 13 37 33 6 34 78 31 26 94 40 18 5 20 11 62 96 22 69 86 36 84 85 0 40 28 29 99 62 24 65 88 62 59 97 75 30 22 80 63 13 63 75 79 42 97 7 21 83 51 62 64 54 64 11 14 67 4 40 91 15 62 67 66 19 13 66 90 74 4 87 42 25 61 5 29 58 95 41 38 44 39 19 27 61 60 9 16 
37 60 3 73 100 15 96 40 15 14 32 74 53 67 58 8 70 78 42 70 1 83 5 30 62 79 75 76 100 1 18 68 0 62 88 42 66 52 81 21 68 19 66 29 90 64 29 23 86 3 85 99 95 26 51 0 98 75 0 47 69 19 39 0 86 40 65 21 91 85 10 27 10 47 30 95 28 99 8 64 80 87 0 80 25 19 80 98 72 6 99 4 8 77 95 31 13 61 43 72 
2 79 99 93 28 30 16 72 97 57 67 55 45 94 43 86 72 35 32 100 45 70 12 21 61 46 27 54 32 85 65 91 87 37 61 14 38 56 14 71 46 78 1 72 55 17 23 61 63 91 82 62 48 89 35 86 35 22 95 71 40 23 21 13 56 21 99 25 31 88 65 18 7 73 50 45 48 42 76 5 13 89 96 32 14 47 63 22 84 8 45 62 63 66 10 4 74 21 23 46 
68 15 75 42 61 38 83 49 81 18 63 57 79 25 40 77 68 60 26 77 64 89 58 26 68 100 6 44 91 85 86 6 72 12 63 27 13 82 60 43 99 91 26 26 33 18 59 8 48 65 93 79 100 96 67 9 76 16 69 60 27 77 30 29 43 25 43 97 19 78 35 28 30 80 11 91 68 68 54 91 11 42 68 78 41 37 92 53 99 72 53 69 30 0 19 96 51 43 36 59 
53 1 65 32 45 37 73 61 97 41 76 50 12 10 93 48 28 42 66 66 66 42 53 100 8 44 29 36 54 12 88 19 82 29 41 35 20 87 49 29 50 53 20 19 14 70 57 11 41 91 48 90 7 1 51 17 30 20 33 47 30 49 84 2 59 66 17 19 62 81 54 10 17 93 74 76 45 75 60 72 8 42 79 58 26 51 9 86 50 39 34 0 58 40 7 28 34 6 6 57 
99 17 1 18 18 82 83 18 88 82 65 12 3 18 50 66 98 83 68 57 78 91 53 27 14 73 81 95 67 98 75 26 15 71 82 32 84 22 81 8 10 73 40 61 20 8 68 58 20 10 79 83 76 38 52 55 9 16 87 63 77 99 21 91 38 89 27 61 17 4 73 97 70 32 40 6 16 50 59 49 43 25 99 98 87 87 58 76 23 85 7 0 84 30 62 31 45 96 21 26 
10 42 74 25 68 15 75 9 88 35 42 76 36 4 56 68 68 91 63 14 100 47 44 68 25 43 56 1 74 94 27 48 92 23 43 45 50 26 81 37 82 68 8 66 69 43 67 84 75 23 38 53 16 31 30 45 7 99 9 35 59 65 12 51 78 9 99 31 35 11 50 45 96 22 20 5 27 63 37 56 69 21 44 41 14 98 53 96 0 29 16 19 13 79 97 18 60 48 5 95 
50 55 56 15 65 43 37 0 62 46 88 16 17 24 92 20 58 7 49 26 95 9 0 94 31 0 35 47 99 30 53 34 2 39 29 0 30 74 51 94 48 67 25 37 21 89 14 9 7 54 28 46 38 89 5 64 100 37 41 41 42 71 41 93 37 70 42 54 48 42 48 56 11 33 29 22 52 21 59 29 24 75 24 42 7 96 89 56 15 68 2 82 78 83 17 44 10 80 93 68 
15 25 81 74 36 58 54 16 99 16 40 26 14 44 20 90 4 58 68 1 25 78 64 85 39 11 89 74 87 31 34 30 43 87 37 74 99 44 90 69 27 44 69 69 16 53 68 71 83 95 26 28 53 74 23 42 51 66 29 17 35 80 71 92 54 83 45 99 15 33 86 86 86 25 50 30 49 43 34 64 1 29 86 15 99 39 16 72 32 54 64 47 24 12 14 84 34 12 96 11 
65 50 94 7 91 21 30 86 85 8 10 5 2 23 12 43 35 11 41 81 84 69 46 48 13 64 23 1 88 8 59 43 37 76 53 15 46 97 57 65 92 56 62 92 63 97 63 68 10 64 35 49 77 56 88 70 20 84 77 23 65 11 96 17 67 14 8 33 21 52 37 95 65 6 86 21 100 87 24 50 83 48 89 46 76 76 42 82 48 56 48 17 11 0 79 62 38 58 75 44 
28 22 22 97 89 1 25 24 91 16 64 21 42 71 83 84 66 52 20 90 53 21 65 83 16 53 10 60 18 8 36 39 23 61 82 7 75 74 85 35 46 84 58 11 56 56 25 68 82 98 79 2 81 21 2 3 54 81 33 47 97 48 69 66 55 94 87 48 94 0 42 57 14 71 4 15 99 69 46 81 39 10 59 34 84 63 8 80 46 34 38 8 82 45 70 16 60 48 30 47 
90 58 45 88 49 12 64 13 48 84 86 44 97 73 37 59 93 17 71 73 46 75 80 52 95 39 0 57 59 40 56 15 69 7 72 84 72 76 14 89 63 63 13 46 17 89 45 77 3 77 67 59 22 41 53 48 44 41 36 44 16 88 63 16 15 69 3 94 73 29 31 63 90 22 28 91 23 67 71 94 40 69 40 83 34 48 99 59 42 98 95 88 59 39 45 50 0 28 84 45 
60 90 85 80 71 19 36 25 76 90 55 33 22 90 11 46 58 0 98 23 54 46 94 27 3 67 21 74 16 44 80 17 0 66 51 37 34 40 54 82 44 14 83 61 51 22 61 22 37 88 51 7 19 31 53 41 61 31 90 99 20 69 69 99 88 15 61 48 99 53 71 12 9 22 47 24 50 77 100 69 55 97 26 68 0 50 65 54 69 22 76 39 53 72 79 94 33 9 57 61 
45 18 74 9 75 42 95 50 47 67 75 62 90 100 44 76 49 34 40 34 0 35 68 80 5 56 22 49 57 92 54 79 5 4 3 79 46 68 18 16 21 19 46 69 29 2 87 17 47 10 90 16 73 62 75 99 10 77 84 1 17 41 64 75 5 75 0 77 6 39 19 83 75 0 44 63 42 37 75 34 16 86 0 70 96 17 71 12 36 56 88 11 1 84 18 94 31 77 28 62 
67 49 3 85 63 30 41 55 22 76 26 54 26 79 99 65 22 75 69 5 57 34 48 91 37 58 63 86 62 60 46 32 90 74 50 93 59 13 65 79 99 18 55 17 80 78 11 56 94 42 86 3 78 75 97 100 22 44 91 10 5 6 43 87 36 51 0 49 76 24 84 24 35 49 88 84 35 65 74 65 9 63 85 59 76 72 59 59 87 33 22 90 16 71 60 55 59 68 43 88 
25 29 35 21 33 45 52 1 54 73 49 79 6 56 34 39 63 43 89 4 47 35 13 24 26 57 28 11 64 54 9 9 87 12 69 15 88 25 41 41 87 25 14 2 92 44 80 76 73 13 93 39 69 23 49 31 33 61 26 67 20 9 42 55 15 26 35 44 9 37 80 68 83 16 77 98 26 45 56 44 48 23 88 77 22 37 60 46 81 9 75 64 97 89 81 83 36 91 70 9 
77 53 6 16 65 52 6 40 92 84 78 57 65 17 77 74 3 51 84 52 11 73 77 24 58 74 90 6 58 100 74 68 64 80 23 56 77 76 24 91 10 95 63 61 47 95 87 36 76 14 70 24 36 72 72 29 96 26 75 74 37 97 31 30 98 93 23 41 8 94 91 47 42 31 92 28 73 50 51 16 31 20 5 84 100 38 95 58 78 100 85 92 76 90 67 69 40 66 41 59 
13 57 7 15 19 74 71 26 3 89 43 10 67 73 52 65 27 22 94 96 18 41 5 31 68 69 96 90 36 63 15 92 5 23 13 65 55 37 52 61 91 73 59 0 95 2 39 63 95 98 74 1 45 29 23 45 33 39 29 51 50 73 20 70 69 61 46 13 48 67 11 43 98 8 7 89 100 80 39 1 68 43 59 48 3 54 10 92 32 6 20 42 61 35 41 72 100 65 33 81 
1 22 64 65 55 62 23 89 22 39 98 46 6 11 36 41 93 38 45 44 17 32 48 26 39 37 59 82 81 6 67 35 74 67 12 0 9 27 29 93 71 80 5 54 67 55 39 86 63 83 62 27 96 1 77 46 41 81 54 32 17 62 88 36 33 72 40 77 24 9 40 86 11 57 2 0 64 96 6 29 82 70 25 54 87 59 7 25 80 29 87 33 86 73 69 32 62 10 68 34 
61 30 45 54 26 2 81 61 75 26 84 77 9 8 37 46 68 33 62 99 0 77 75 22 19 85 8 76 16 43 74 88 22 66 34 64 76 88 93 33 25 89 31 42 73 99 2 44 52 47 57 31 28 11 90 54 82 98 86 25 57 34 33 67 92 2 63 46 27 15 9 38 100 96 5 14 23 29 30 20 7 23 41 35 49 63 54 11 6 50 61 94 88 57 71 43 26 9 54 89 
81 4 59 66 76 18 28 88 8 30 83 26 44 30 43 14 27 30 95 69 72 79 88 14 13 74 92 70 38 38 13 69 29 43 52 82 98 7 98 14 2 88 35 93 57 29 95 54 95 91 49 79 85 1 77 19 59 5 98 21 66 77 81 40 53 97 69 69 67 53 16 74 24 29 38 83 10 2 28 77 90 62 84 11 59 79 51 89 100 63 88 100 77 82 74 47 24 50 38 21 
20 28 48 34 2 63 52 36 41 97 94 53 13 6 11 34 63 79 68 4 7 62 89 82 47 82 92 38 99 37 5 69 38 19 69 74 46 45 73 83 0 40 83 13 20 68 81 40 98 59 1 55 94 46 47 36 34 40 54 24 86 59 2 79 35 5 9 76 77 63 2 58 23 41 3 26 93 80 74 94 52 22 80 27 83 17 100 46 1 2 1 43 43 28 32 95 78 37 76 36 
77 76 27 9 55 4 70 71 91 7 16 76 26 74 8 30 84 22 77 71 41 75 95 80 13 71 46 63 73 48 21 36 45 38 21 5 32 37 84 50 10 58 66 41 42 100 16 81 95 9 36 37 85 79 35 54 99 90 84 29 43 26 77 61 28 23 67 85 33 77 58 41 78 20 72 71 94 15 20 59 63 11 94 38 19 34 89 2 12 70 71 44 18 10 21 36 20 59 98 5 
74 78 10 9 0 52 30 20 93 30 98 36 94 19 79 99 15 45 19 61 30 74 19 97 97 75 91 87 85 30 100 55 79 34 69 88 90 61 71 71 43 3 1 70 51 79 66 86 55 50 47 74 35 54 43 15 32 21 35 33 55 29 87 72 31 9 68 74 13 10 21 53 0 69 32 91 97 52 85 1 9 69 88 20 44 30 50 3 100 3 5 31 86 91 33 63 59 66 27 21 
100 21 34 62 34 39 97 88 84 66 68 29 44 24 44 85 33 30 57 95 27 15 22 41 46 56 47 34 22 16 98 66 100 47 16 89 97 55 51 52 77 45 97 19 54 41 30 2 36 20 99 87 39 77 93 5 7 71 89 87 92 31 42 14 81 100 81 36 81 44 9 45 73 45 98 0 58 85 69 18 45 92 9 40 48 76 96 56 62 43 33 51 58 86 69 17 81 83 18 82 
27 32 38 35 95 30 1 19 43 47 16 81 90 25 60 39 66 83 49 60 22 92 54 45 13 6 37 34 57 81 78 94 1 22 73 96 5 0 38 92 46 77 40 83 54 29 1 4 88 3 82 24 87 77 89 19 62 93 34 68 1 22 33 86 17 87 28 38 50 94 75 52 24 62 39 72 32 95 47 47 99 83 1 26 57 17 20 26 92 40 98 27 96 27 86 50 80 50 78 22 
11 64 2 82 37 93 22 68 36 14 71 38 72 86 13 21 67 47 22 94 49 83 83 51 23 85 36 79 25 72 34 68 92 97 78 98 15 93 1 62 66 17 22 80 50 68 81 88 13 31 24 48 69 49 16 59 86 68 11 39 10 52 87 49 32 38 71 7 73 52 79 39 57 24 17 3 90 76 90 11 98 6 98 14 33 56 6 72 79 84 18 96 10 17 19 58 93 54 100 76 
30 66 92 25 93 34 86 85 68 87 40 11 57 28 56 46 30 2 94 80 90 66 13 4 53 8 19 39 15 25 55 28 96 53 60 54 35 60 67 24 68 68 65 88 29 27 30 7 9 49 32 30 61 7 27 48 4 17 11 99 66 90 71 22 75 83 1 20 63 38 63 55 26 7 3 6 66 61 26 95 3 62 74 51 69 95 51 77 70 8 7 63 43 95 52 94 61 97 55 80 
11 85 69 72 76 100 32 35 78 93 12 60 38 32 74 16 74 14 99 92 6 79 14 57 99 71 25 30 67 58 94 74 70 21 26 65 68 25 11 38 95 17 62 23 11 99 99 31 45 78 29 1 26 74 9 8 7 88 34 79 46 73 82 22 1 90 32 68 55 24 53 44 45 17 46 55 24 18 61 89 48 90 81 31 65 98 27 83 96 59 47 73 61 11 99 35 79 43 14 47 
3 48 56 46 77 82 13 70 17 90 4 13 66 18 11 55 61 9 17 91 12 17 42 93 9 31 90 5 75 25 24 39 48 63 98 6 11 90 58 95 91 81 30 98 85 53 6 85 52 93 21 70 27 38 60 21 64 32 33 88 51 27 80 82 4 26 92 21 77 54 64 33 31 62 21 31 4 24 83 94 45 35 53 10 71 85 6 88 39 47 70 50 57 4 28 24 32 54 67 65 
3 80 71 81 93 67 86 55 68 84 66 77 7 98 29 97 77 39 34 2 63 18 32 55 33 86 10 80 43 75 81 93 28 15 27 19 54 93 22 79 99 64 39 18 13 24 32 86 64 72 15 21 35 49 44 1 87 92 14 59 80 87 27 65 79 87 64 93 89 84 6 7 31 74 86 33 85 47 72 34 10 96 63 37 97 33 96 8 81 93 36 78 79 37 95 78 94 70 42 27 
34 90 14 83 47 81 68 97 60 16 64 87 23 21 61 82 19 57 95 41 34 21 15 34 39 9 4 17 9 84 84 12 9 7 79 87 90 92 20 16 53 35 45 92 62 1 92 80 46 91 19 6 90 31 93 51 81 24 82 54 33 80 4 90 64 32 68 20 68 4 67 72 94 2 30 87 75 93 80 80 57 91 44 11 25 39 95 85 0 28 22 7 87 52 34 29 53 61 21 23 
95 34 85 75 59 46 86 49 44 95 95 23 42 100 7 77 79 75 92 88 29 7 4 67 18 41 3 3 52 4 16 58 21 16 79 69 27 91 49 70 34 62 50 91 51 92 48 73 91 75 38 74 23 19 36 58 99 17 27 6 94 89 7 12 93 88 8 79 47 7 62 39 71 29 53 27 42 70 8 96 49 12 28 15 60 32 15 95 79 22 26 72 1 29 31 91 67 87 46 82 
23 38 57 58 34 59 90 30 90 29 71 34 72 29 42 41 44 9 19 29 40 10 84 27 24 35 81 29 90 31 34 68 24 99 63 62 43 42 75 6 83 22 44 17 92 36 5 40 78 7 97 45 49 93 51 37 59 97 27 5 79 37 10 5 53 4 41 33 2 67 24 10 38 46 18 93 60 8 85 9 72 72 40 45 100 53 47 21 33 43 43 74 4 19 48 83 56 99 87 42 
31 0 61 41 31 65 79 9 11 49 54 60 27 17 63 83 57 58 93 78 39 36 27 77 53 10 94 55 100 12 45 75 100 97 69 15 76 11 67 72 55 100 6 95 81 74 58 41 71 79 3 54 83 80 83 71 88 43 0 62 90 78 71 60 23 34 25 49 85 67 98 68 85 73 75 29 66 72 57 8 4 69 70 36 91 85 14 31 84 66 29 11 54 51 53 12 6 62 33 88 
79 57 45 60 2 9 24 58 96 91 79 31 32 53 74 79 2 85 15 27 35 17 66 80 46 26 70 50 56 93 93 12 88 34 55 24 22 10 53 93 29 72 65 64 8 80 5 36 77 87 4 15 97 20 36 78 63 93 0 5 80 54 31 63 100 89 66 12 67 46 10 44 4 35 54 27 62 56 93 34 62 76 99 31 50 56 35 52 51 38 53 14 92 10 26 39 20 91 78 67 
18 4 87 47 85 34 88 19 25 88 13 64 96 58 24 92 85 42 62 66 35 93 10 53 89 35 93 36 20 42 4 68 82 76 71 47 44 80 91 85 69 42 6 39 68 18 15 4 39 10 1 8 4 8 85 18 66 18 84 72 91 83 82 43 33 28 51 66 13 35 26 46 43 28 73 5 12 19 95 39 90 96 89 57 14 4 48 63 28 90 76 89 60 27 24 65 56 37 57 39 
6 32 17 66 71 53 82 91 36 82 37 38 22 61 5 100 19 99 98 8 75 76 27 37 84 87 81 55 24 3 4 72 38 65 37 48 2 100 0 95 44 49 71 19 25 89 99 67 6 46 8 77 48 12 11 69 9 4 2 68 33 39 97 100 83 60 58 66 52 70 45 80 78 3 71 72 74 57 44 48 18 68 12 22 87 99 19 8 37 4 36 67 57 78 99 57 34 14 45 19 
70 44 23 29 95 0 100 92 93 38 57 40 53 20 77 63 99 71 31 42 7 57 17 34 98 29 70 72 70 73 32 13 57 25 93 58 78 26 27 89 80 56 61 46 67 5 60 30 65 70 72 94 33 10 95 90 95 38 85 70 89 73 80 66 78 14 8 39 89 15 97 61 58 10 90 42 38 85 28 58 100 39 14 18 1 67 23 85 14 19 96 100 10 99 59 39 43 9 38 50 
37 47 28 10 29 59 23 56 4 16 13 39 86 17 87 45 23 3 93 96 59 88 51 9 49 33 44 54 20 43 69 74 63 96 76 30 12 29 36 22 51 80 46 81 94 78 18 55 43 88 71 10 90 40 11 0 99 2 27 39 78 16 27 70 58 40 81 53 29 38 12 76 67 0 43 6 5 27 70 22 72 80 7 5 41 7 34 49 66 87 82 59 22 84 5 19 20 82 80 74 
71 68 71 63 83 71 73 94 70 63 84 66 39 33 79 29 42 55 76 3 59 72 7 88 46 72 3 17 87 96 42 77 91 43 73 42 49 34 99 70 75 12 77 96 94 73 74 23 76 23 23 6 81 70 6 85 23 29 0 4 73 34 24 51 95 39 70 10 39 31 29 83 77 44 77 68 30 66 23 83 73 56 85 79 78 100 84 19 56 14 28 97 36 16 4 86 14 74 16 57 
94 50 10 64 57 0 92 49 5 52 99 98 95 42 69 55 34 93 38 19 93 84 11 13 22 17 36 64 59 60 25 99 19 10 51 34 26 33 0 17 70 12 80 21 79 78 94 67 46 79 34 42 68 30 54 97 69 22 18 69 88 7 36 43 81 100 23 30 26 66 87 90 3 67 17 86 71 73 14 73 6 62 84 80 73 0 73 60 8 2 54 88 22 64 4 58 28 49 46 54 
65 36 8 97 58 60 43 97 85 7 30 56 69 90 5 50 92 64 20 91 9 9 62 21 77 47 75 20 64 33 77 98 28 83 28 62 64 1 30 98 68 27 47 75 94 80 93 49 9 10 13 31 10 43 50 78 64 91 8 56 36 53 33 53 69 24 80 65 56 4 27 46 84 50 75 31 90 24 100 37 38 8 39 75 62 33 26 65 33 43 51 11 28 15 23 29 67 17 97 49 
63 40 85 28 17 33 61 48 97 71 34 40 5 29 41 51 28 7 56 12 68 78 8 89 12 59 64 33 80 8 10 97 25 64 31 12 98 28 41 92 48 74 24 4 32 99 72 94 93 0 61 10 37 20 5 8 31 17 86 19 61 35 63 91 31 16 29 25 87 74 49 2 88 71 90 96 54 48 65 95 11 35 3 48 32 13 17 33 37 89 22 2 98 79 22 7 39 13 44 55 
15 25 61 49 97 86 70 67 6 66 65 91 41 44 72 84 11 93 80 80 35 30 38 40 49 2 82 70 66 53 33 48 22 50 36 18 14 88 8 5 8 65 21 24 16 17 75 42 16 24 34 9 98 91 77 67 90 29 73 71 79 29 60 14 2 99 25 17 22 99 60 55 25 57 18 40 64 11 96 33 4 52 23 11 10 15 40 41 47 92 75 35 89 61 32 65 8 84 61 14 
50 13 23 32 53 58 7 57 0 35 26 18 43 91 45 52 85 21 92 56 94 33 24 39 33 53 58 52 98 69 79 86 83 63 70 23 10 20 37 15 73 48 87 87 90 88 32 75 59 45 29 21 85 60 1 34 68 21 58 9 11 55 92 57 6 83 13 32 72 23 24 55 85 43 32 76 13 8 59 42 18 32 97 20 37 21 87 83 43 82 50 76 9 44 61 2 48 62 53 47 
44 44 49 50 84 16 94 59 79 67 38 60 60 72 71 29 34 18 94 39 15 46 47 54 25 2 63 42 45 93 91 15 70 88 60 59 100 48 13 18 40 46 9 43 69 14 58 64 11 15 37 57 65 52 38 58 17 13 48 46 6 3 13 100 26 51 69 54 63 42 23 61 11 43 21 13 17 21 68 29 46 31 22 44 72 74 79 0 10 45 51 91 49 59 73 0 44 56 66 65 
6 79 77 8 39 31 34 29 84 68 93 79 78 66 75 81 47 14 96 46 75 22 40 61 21 71 8 0 72 90 18 26 60 19 47 22 10 36 46 96 25 31 63 32 54 61 6 43 34 88 41 88 34 50 24 6 12 28 94 9 51 80 41 6 89 5 4 17 73 24 98 68 66 94 23 94 41 13 24 47 100 51 76 82 10 31 45 76 89 49 43 58 18 47 14 50 30 26 58 91 
80 54 30 70 16 34 30 18 16 75 11 66 22 24 78 26 9 74 76 62 22 96 78 88 75 45 59 45 85 64 84 51 4 79 64 88 18 38 22 23 14 14 48 5 98 3 53 51 88 68 31 79 35 7 61 15 83 94 5 77 43 26 58 87 81 80 75 17 3 99 98 91 57 39 31 91 79 88 59 23 45 76 46 81 75 2 37 86 93 22 89 7 84 100 44 97 88 98 84 15 
1 46 98 82 72 61 7 45 78 29 13 88 15 7 96 0 48 95 12 17 29 36 65 35 85 12 7 52 50 61 65 37 73 10 55 95 76 14 68 5 0 69 7 10 33 57 48 18 53 84 82 62 38 52 96 32 2 98 17 90 97 23 82 29 86 49 29 45 38 64 19 36 20 72 61 75 27 93 26 85 39 29 51 32 10 100 82 49 93 43 45 95 97 69 81 49 53 8 5 80 
4 38 21 37 46 64 56 97 48 34 77 32 4 100 62 31 81 82 20 67 92 54 5 37 100 75 83 89 58 58 43 1 48 44 9 52 56 27 100 28 11 88 63 66 44 16 27 10 54 96 6 39 41 97 58 76 85 77 4 7 67 87 48 43 82 75 96 64 22 92 49 84 38 99 18 77 9 24 43 39 53 56 39 95 4 71 74 94 29 66 11 53 65 27 11 16 77 38 3 1 
18 96 4 99 19 60 5 80 42 60 95 83 91 70 56 75 9 76 56 96 97 21 4 33 90 6 1 25 7 73 8 65 97 69 93 32 40 30 62 85 68 74 38 54 21 57 67 57 85 76 17 70 24 97 58 21 15 31 42 69 80 100 0 11 84 13 99 14 29 49 57 58 73 16 74 64 86 80 62 72 87 29 17 49 67 81 60 40 65 55 57 12 91 70 30 3 77 85 52 25 
74 0 88 61 60 96 72 72 8 40 13 82 42 89 58 16 4 52 65 23 40 64 43 72 36 11 48 42 44 6 40 34 81 70 97 2 5 84 61 79 3 17 11 83 29 0 46 87 85 79 41 31 60 15 71 21 83 19 100 76 93 20 38 10 40 61 36 53 62 15 8 20 33 8 93 60 100 0 79 28 44 2 62 50 13 68 38 9 99 74 88 79 76 99 96 13 32 99 83 18 
6 30 74 64 48 31 73 89 3 47 10 0 20 46 68 14 27 95 64 58 70 17 46 88 42 71 61 82 67 89 72 59 61 63 52 80 19 0 37 90 13 6 67 58 88 3 26 55 4 56 57 82 18 41 36 47 96 34 11 4 78 85 58 66 38 99 7 97 100 16 41 8 19 67 39 14 70 74 53 90 14 74 95 12 54 31 57 87 84 56 92 93 77 50 98 6 20 20 24 72 
48 65 62 59 24 82 97 97 17 92 44 24 25 43 97 79 52 6 7 32 35 2 0 32 57 98 62 75 12 24 21 84 29 31 10 50 22 20 6 61 80 47 12 27 44 86 25 12 29 62 33 7 98 60 70 32 68 5 26 49 23 11 59 52 49 33 7 14 56 61 56 95 34 40 84 25 44 84 3 45 59 29 97 78 99 42 66 90 14 23 60 32 66 13 83 98 20 99 71 80 
15 72 37 85 88 13 48 4 81 39 69 13 28 59 64 93 26 51 42 96 9 73 73 86 14 59 1 40 35 29 72 37 72 64 60 100 69 66 21 19 30 52 89 73 13 42 40 75 39 93 51 100 30 63 81 29 95 9 54 70 27 71 41 65 4 77 19 41 49 72 89 37 34 35 60 14 41 99 32 2 14 46 83 35 86 97 26 24 96 51 16 55 97 19 70 8 10 66 83 9 
100 64 10 2 43 25 78 14 13 2 28 77 40 13 16 67 41 96 63 0 11 2 73 26 90 20 75 39 96 38 86 0 23 51 9 54 9 45 8 64 61 97 39 34 36 16 23 60 80 54 48 57 42 50 61 58 86 13 29 58 33 20 26 51 26 93 71 60 60 25 7 84 20 62 58 100 8 46 13 92 10 52 23 81 46 75 45 72 58 79 72 50 99 11 80 36 8 95 80 56 
60 10 100 92 11 10 61 18 100 79 42 7 90 5 38 63 27 26 46 81 51 1 99 82 24 95 26 18 41 91 87 11 65 30 55 31 52 2 13 29 74 75 41 48 25 80 95 80 49 62 38 55 49 34 43 28 19 80 27 57 50 44 97 46 3 8 0 98 29 34 59 17 21 53 17 88 93 71 32 2 2 48 16 0 55 3 16 65 23 31 19 49 29 58 45 1 9 50 81 27 
97 62 8 35 47 92 55 46 90 35 69 25 63 54 93 32 7 57 72 23 34 55 79 6 15 83 100 39 13 71 56 96 27 62 1 36 84 43 90 8 83 41 16 7 14 91 41 64 37 10 34 74 48 30 43 36 37 88 67 47 21 3 49 75 90 5 90 45 16 65 37 97 94 38 27 30 84 48 6 36 72 8 2 34 38 70 81 40 83 74 21 39 53 93 41 42 88 99 88 32 
94 21 79 86 22 43 78 54 28 45 95 40 36 19 5 14 38 52 75 25 95 42 98 0 64 24 60 26 49 63 18 90 3 83 79 8 7 13 9 62 11 92 63 99 76 46 80 89 35 62 48 77 27 38 42 48 33 67 52 85 57 22 35 16 68 96 25 41 69 86 93 74 82 44 71 30 42 20 43 74 54 28 100 30 100 11 70 99 44 55 23 70 20 64 40 33 94 94 77 8 
99 18 100 9 36 6 34 35 80 84 44 77 100 47 73 84 78 29 16 2 45 87 64 14 18 97 17 78 24 74 81 23 66 23 95 49 66 63 25 29 81 24 84 57 48 50 18 11 51 87 27 87 93 28 47 78 30 75 98 1 57 36 25 47 73 95 12 99 15 78 37 65 14 69 22 100 97 79 81 85 21 67 93 88 72 32 99 78 70 56 90 71 91 20 78 1 70 47 24 61 
86 84 76 100 4 8 94 14 21 48 63 71 91 25 81 14 98 30 2 75 26 37 17 27 86 25 7 59 68 27 1 49 11 65 77 0 98 48 11 93 0 38 65 72 92 90 14 67 12 92 57 73 44 15 39 24 81 59 67 43 1 16 10 58 17 73 44 77 83 78 43 62 1 59 42 53 75 78 81 80 17 25 40 100 54 2 48 38 17 31 3 12 24 11 52 76 55 28 78 51 
67 32 85 40 62 86 73 74 86 16 98 80 61 55 14 92 22 86 25 8 88 25 13 7 88 25 93 99 69 97 62 65 62 6 57 32 13 4 96 99 1 54 94 66 38 65 32 31 24 55 99 83 99 30 35 40 86 28 15 39 47 40 79 61 66 36 85 57 58 95 12 61 97 4 62 7 74 18 40 69 58 46 22 21 49 40 56 90 60 45 42 71 64 73 85 44 96 28 53 23 
78 24 55 14 42 21 72 86 62 42 70 86 88 48 24 31 34 82 66 67 41 37 4 44 69 29 39 78 66 5 66 12 47 6 34 78 17 68 39 18 0 59 64 53 65 80 5 54 23 77 92 47 81 61 17 96 46 93 84 1 63 82 43 99 47 18 33 76 77 76 95 53 19 55 41 56 14 55 18 64 76 30 83 77 89 46 75 10 32 42 19 56 98 51 50 94 95 94 17 95 
71 65 84 81 87 41 11 40 93 58 86 33 37 27 91 0 32 46 78 80 70 13 88 11 55 78 64 93 1 71 25 77 74 75 52 33 35 1 62 80 65 28 19 52 80 31 1 40 87 51 86 90 2 36 13 64 84 45 39 55 57 87 39 26 91 91 22 59 51 72 15 93 3 19 6 21 37 96 11 69 65 20 82 26 11 21 48 23 59 26 61 29 21 15 75 35 83 47 35 61 
6 65 71 46 12 71 64 95 3 64 78 6 84 32 6 74 80 96 5 37 45 92 85 44 26 91 89 95 6 55 14 3 47 84 33 7 84 14 31 95 28 65 56 10 42 18 3 88 46 42 25 96 11 2 87 38 15 12 53 65 99 20 21 16 85 69 0 84 68 85 54 3 3 74 17 75 64 30 69 78 66 43 20 4 80 21 65 26 13 19 24 78 8 71 36 44 6 6 58 21 
19 47 66 23 63 75 23 21 88 40 8 8 62 15 57 55 11 92 80 3 3 36 13 25 68 81 27 12 38 33 90 48 36 50 98 22 79 21 74 40 56 57 99 0 16 62 25 11 40 25 67 94 96 95 69 90 6 84 70 36 99 62 89 57 44 42 36 77 68 61 42 41 19 50 3 81 29 22 54 16 55 75 7 88 18 1 57 69 71 37 89 56 23 88 72 9 48 9 40 71 
85 86 60 6 31 19 95 72 31 98 50 29 12 5 13 85 0 59 16 57 44 39 71 82 20 15 88 12 75 93 93 68 28 3 99 86 42 3 37 88 52 95 27 43 1 70 6 73 67 78 79 99 20 23 83 93 14 24 32 63 9 10 23 59 16 50 27 63 21 72 25 15 75 4 24 19 38 47 48 21 39 60 23 41 21 64 82 10 90 88 32 92 27 31 74 62 24 14 46 61 
6 78 21 50 16 31 31 80 16 35 11 75 0 7 27 14 79 46 46 25 72 1 94 59 31 55 52 88 62 45 69 5 3 39 92 67 39 98 10 20 3 97 37 89 30 14 17 39 57 59 86 73 15 92 36 65 87 74 56 20 39 23 87 50 9 21 9 89 86 86 80 55 96 38 83 78 60 59 12 86 43 36 17 94 39 78 100 51 96 93 53 14 97 14 3 95 72 25 57 1 
95 17 60 25 57 74 11 81 32 95 46 58 78 61 52 45 41 27 81 36 86 0 26 9 43 1 70 64 9 82 60 48 7 25 25 89 94 97 86 99 87 55 13 30 63 55 21 62 39 58 68 68 13 81 23 6 86 0 21 83 29 94 60 63 12 63 40 13 16 85 97 22 34 71 39 39 59 40 29 19 7 4 68 89 25 91 89 8 91 31 13 11 26 45 62 95 3 73 35 39 
17 83 39 48 21 9 20 80 18 98 55 68 32 79 70 4 20 42 97 64 5 49 48 29 91 70 68 17 94 16 7 93 59 54 3 7 37 24 31 64 5 57 22 73 83 23 82 48 47 47 64 87 22 30 32 8 42 48 80 1 32 67 87 93 98 22 52 6 96 51 2 29 67 24 3 64 22 27 86 40 62 39 75 48 41 12 21 68 7 96 56 55 99 100 1 6 44 92 15 52 
80 79 10 37 18 33 54 68 1 59 43 53 7 36 13 70 98 8 57 3 68 32 79 32 49 73 39 6 76 91 53 48 42 56 28 8 70 81 3 68 22 95 72 43 69 89 78 68 1 62 99 43 63 81 89 4 78 10 12 85 68 15 61 3 76 66 24 12 97 71 4 89 9 52 47 59 88 28 95 9 6 48 66 81 17 18 89 43 33 53 19 96 25 86 16 91 33 87 26 57 
84 13 96 16 78 98 92 82 91 68 16 88 59 74 67 42 28 8 46 59 83 22 7 69 50 50 17 81 90 40 31 25 47 9 0 3 65 49 16 59 64 30 5 81 87 89 41 9 18 32 2 86 43 2 99 78 53 91 92 29 95 98 94 83 74 0 67 13 39 80 53 30 86 95 90 11 76 17 21 87 63 27 21 65 31 82 74 80 54 60 73 70 67 33 46 4 3 4 41 1 
85 95 92 43 9 48 83 25 33 47 90 18 76 28 90 57 60 56 100 45 38 36 76 80 45 84 71 56 10 78 12 55 28 60 39 16 8 79 99 65 38 77 40 0 79 7 41 85 11 92 40 16 55 11 58 11 53 40 23 88 95 7 22 24 65 8 92 8 38 5 36 72 15 83 95 15 50 6 85 60 39 0 73 76 83 80 20 52 82 76 95 83 66 83 89 16 37 4 57 76 
36 66 98 75 33 52 88 4 61 72 44 34 26 7 97 38 80 85 57 37 33 67 67 86 69 83 67 66 71 83 9 86 57 6 52 92 22 20 52 13 44 65 0 38 61 98 2 9 68 21 1 94 45 60 27 6 6 65 67 21 41 89 5 99 24 67 94 11 34 50 33 42 49 71 22 45 79 35 36 76 33 32 11 84 98 11 43 2 79 79 40 0 52 99 76 67 10 36 26 36 
44 82 83 97 6 91 16 22 30 21 9 40 62 80 99 55 32 14 37 31 30 19 45 36 5 21 20 61 2 71 85 73 78 43 44 33 52 20 15 8 50 18 63 99 48 30 53 64 75 33 27 51 26 34 46 5 38 7 49 17 2 82 87 7 47 6 54 93 34 79 42 7 93 64 87 80 70 27 76 22 8 75 63 5 29 57 67 6 32 31 50 15 9 8 96 30 44 16 52 41 
80 4 87 19 95 58 65 98 12 73 23 92 84 7 42 78 31 41 11 10 98 36 85 97 64 23 55 65 91 76 34 99 35 57 47 6 89 68 49 20 28 85 36 14 84 50 83 47 39 35 59 76 80 16 40 91 53 63 77 35 48 27 73 7 65 80 48 2 16 51 99 38 77 59 18 79 34 41 87 2 99 66 92 71 33 5 62 79 64 66 18 29 72 16 6 67 32 39 38 3 
60 99 11 93 61 25 71 61 100 77 82 21 55 10 18 3 65 0 1 64 73 35 95 7 60 53 3 79 86 69 20 8 85 48 82 9 66 11 11 17 66 1 43 9 95 38 64 10 13 22 7 19 53 36 58 51 94 68 99 58 2 38 95 9 93 35 20 74 85 36 30 12 87 10 49 68 41 68 98 39 20 48 77 85 37 35 5 44 4 36 34 39 86 42 93 58 65 85 33 75 
93 99 36 36 61 86 8 27 10 17 89 78 50 31 37 55 41 37 76 18 89 94 9 0 53 11 85 60 10 44 14 77 53 57 96 86 71 8 18 8 9 28 17 1 29 79 46 18 9 64 92 94 9 100 72 50 17 19 91 71 75 6 85 19 79 99 10 41 35 25 54 5 80 10 48 43 64 4 44 98 77 96 89 13 48 60 16 63 11 100 66 88 72 45 61 79 80 1 75 46 
97 42 44 100 70 71 36 86 63 98 40 25 66 75 95 46 69 33 21 93 35 80 24 99 35 44 52 47 50 79 11 38 30 56 41 0 56 85 23 37 94 100 83 19 34 66 70 11 48 87 96 87 85 35 7 100 63 61 4 41 85 43 30 14 20 22 0 12 59 18 58 48 9 36 12 32 30 98 52 66 9 68 40 51 92 48 71 85 36 29 93 68 39 5 37 74 32 21 1 27 
62 6 15 41 78 100 58 44 74 90 51 97 90 43 48 76 47 40 76 38 69 8 52 29 42 42 24 9 13 0 21 1 90 26 96 30 0 1 5 56 45 8 59 24 42 88 44 27 16 0 100 70 0 69 29 30 67 71 62 64 82 71 80 24 57 2 17 5 1 89 68 59 17 16 84 71 32 20 88 17 11 7 90 91 24 79 76 81 76 90 3 68 91 100 24 79 13 31 4 41 
